0
0
0
0
0
0
169
0
0
0
0
0
174
0
0
0
0
0
126980
0
0
0
0
0
127183
0
0
0
0
0
127344
0
0
0
0
0
127345
0
0
0
0
0
127358
0
0
0
0
0
127359
0
0
0
0
0
127374
0
0
0
0
0
127377
0
0
0
0
0
127378
0
0
0
0
0
127379
0
0
0
0
0
127380
0
0
0
0
0
127381
0
0
0
0
0
127382
0
0
0
0
0
127383
0
0
0
0
0
127384
0
0
0
0
0
127385
0
0
0
0
0
127386
0
0
0
0
0
127462
0
0
0
0
0
127462
127464
0
0
0
0
127462
127465
0
0
0
0
127462
127466
0
0
0
0
127462
127467
0
0
0
0
127462
127468
0
0
0
0
127462
127470
0
0
0
0
127462
127473
0
0
0
0
127462
127474
0
0
0
0
127462
127476
0
0
0
0
127462
127478
0
0
0
0
127462
127479
0
0
0
0
127462
127480
0
0
0
0
127462
127481
0
0
0
0
127462
127482
0
0
0
0
127462
127484
0
0
0
0
127462
127485
0
0
0
0
127462
127487
0
0
0
0
127463
0
0
0
0
0
127463
127462
0
0
0
0
127463
127463
0
0
0
0
127463
127465
0
0
0
0
127463
127466
0
0
0
0
127463
127467
0
0
0
0
127463
127468
0
0
0
0
127463
127469
0
0
0
0
127463
127470
0
0
0
0
127463
127471
0
0
0
0
127463
127473
0
0
0
0
127463
127474
0
0
0
0
127463
127475
0
0
0
0
127463
127476
0
0
0
0
127463
127478
0
0
0
0
127463
127479
0
0
0
0
127463
127480
0
0
0
0
127463
127481
0
0
0
0
127463
127483
0
0
0
0
127463
127484
0
0
0
0
127463
127486
0
0
0
0
127463
127487
0
0
0
0
127464
0
0
0
0
0
127464
127462
0
0
0
0
127464
127464
0
0
0
0
127464
127465
0
0
0
0
127464
127467
0
0
0
0
127464
127468
0
0
0
0
127464
127469
0
0
0
0
127464
127470
0
0
0
0
127464
127472
0
0
0
0
127464
127473
0
0
0
0
127464
127474
0
0
0
0
127464
127475
0
0
0
0
127464
127476
0
0
0
0
127464
127477
0
0
0
0
127464
127478
0
0
0
0
127464
127479
0
0
0
0
127464
127482
0
0
0
0
127464
127483
0
0
0
0
127464
127484
0
0
0
0
127464
127485
0
0
0
0
127464
127486
0
0
0
0
127464
127487
0
0
0
0
127465
0
0
0
0
0
127465
127466
0
0
0
0
127465
127468
0
0
0
0
127465
127471
0
0
0
0
127465
127472
0
0
0
0
127465
127474
0
0
0
0
127465
127476
0
0
0
0
127465
127487
0
0
0
0
127466
0
0
0
0
0
127466
127462
0
0
0
0
127466
127464
0
0
0
0
127466
127466
0
0
0
0
127466
127468
0
0
0
0
127466
127469
0
0
0
0
127466
127479
0
0
0
0
127466
127480
0
0
0
0
127466
127481
0
0
0
0
127466
127482
0
0
0
0
127467
0
0
0
0
0
127467
127470
0
0
0
0
127467
127471
0
0
0
0
127467
127472
0
0
0
0
127467
127474
0
0
0
0
127467
127476
0
0
0
0
127467
127479
0
0
0
0
127468
0
0
0
0
0
127468
127462
0
0
0
0
127468
127463
0
0
0
0
127468
127465
0
0
0
0
127468
127466
0
0
0
0
127468
127467
0
0
0
0
127468
127468
0
0
0
0
127468
127469
0
0
0
0
127468
127470
0
0
0
0
127468
127473
0
0
0
0
127468
127474
0
0
0
0
127468
127475
0
0
0
0
127468
127477
0
0
0
0
127468
127478
0
0
0
0
127468
127479
0
0
0
0
127468
127480
0
0
0
0
127468
127481
0
0
0
0
127468
127482
0
0
0
0
127468
127484
0
0
0
0
127468
127486
0
0
0
0
127469
0
0
0
0
0
127469
127472
0
0
0
0
127469
127474
0
0
0
0
127469
127475
0
0
0
0
127469
127479
0
0
0
0
127469
127481
0
0
0
0
127469
127482
0
0
0
0
127470
0
0
0
0
0
127470
127464
0
0
0
0
127470
127465
0
0
0
0
127470
127466
0
0
0
0
127470
127473
0
0
0
0
127470
127474
0
0
0
0
127470
127475
0
0
0
0
127470
127476
0
0
0
0
127470
127478
0
0
0
0
127470
127479
0
0
0
0
127470
127480
0
0
0
0
127470
127481
0
0
0
0
127471
0
0
0
0
0
127471
127466
0
0
0
0
127471
127474
0
0
0
0
127471
127476
0
0
0
0
127471
127477
0
0
0
0
127472
0
0
0
0
0
127472
127466
0
0
0
0
127472
127468
0
0
0
0
127472
127469
0
0
0
0
127472
127470
0
0
0
0
127472
127474
0
0
0
0
127472
127475
0
0
0
0
127472
127477
0
0
0
0
127472
127479
0
0
0
0
127472
127484
0
0
0
0
127472
127486
0
0
0
0
127472
127487
0
0
0
0
127473
0
0
0
0
0
127473
127462
0
0
0
0
127473
127463
0
0
0
0
127473
127464
0
0
0
0
127473
127470
0
0
0
0
127473
127472
0
0
0
0
127473
127479
0
0
0
0
127473
127480
0
0
0
0
127473
127481
0
0
0
0
127473
127482
0
0
0
0
127473
127483
0
0
0
0
127473
127486
0
0
0
0
127474
0
0
0
0
0
127474
127462
0
0
0
0
127474
127464
0
0
0
0
127474
127465
0
0
0
0
127474
127466
0
0
0
0
127474
127467
0
0
0
0
127474
127468
0
0
0
0
127474
127469
0
0
0
0
127474
127472
0
0
0
0
127474
127473
0
0
0
0
127474
127474
0
0
0
0
127474
127475
0
0
0
0
127474
127476
0
0
0
0
127474
127477
0
0
0
0
127474
127478
0
0
0
0
127474
127479
0
0
0
0
127474
127480
0
0
0
0
127474
127481
0
0
0
0
127474
127482
0
0
0
0
127474
127483
0
0
0
0
127474
127484
0
0
0
0
127474
127485
0
0
0
0
127474
127486
0
0
0
0
127474
127487
0
0
0
0
127475
0
0
0
0
0
127475
127462
0
0
0
0
127475
127464
0
0
0
0
127475
127466
0
0
0
0
127475
127467
0
0
0
0
127475
127468
0
0
0
0
127475
127470
0
0
0
0
127475
127473
0
0
0
0
127475
127476
0
0
0
0
127475
127477
0
0
0
0
127475
127479
0
0
0
0
127475
127482
0
0
0
0
127475
127487
0
0
0
0
127476
0
0
0
0
0
127476
127474
0
0
0
0
127477
0
0
0
0
0
127477
127462
0
0
0
0
127477
127466
0
0
0
0
127477
127467
0
0
0
0
127477
127468
0
0
0
0
127477
127469
0
0
0
0
127477
127472
0
0
0
0
127477
127473
0
0
0
0
127477
127474
0
0
0
0
127477
127475
0
0
0
0
127477
127479
0
0
0
0
127477
127480
0
0
0
0
127477
127481
0
0
0
0
127477
127484
0
0
0
0
127477
127486
0
0
0
0
127478
0
0
0
0
0
127478
127462
0
0
0
0
127479
0
0
0
0
0
127479
127466
0
0
0
0
127479
127476
0
0
0
0
127479
127480
0
0
0
0
127479
127482
0
0
0
0
127479
127484
0
0
0
0
127480
0
0
0
0
0
127480
127462
0
0
0
0
127480
127463
0
0
0
0
127480
127464
0
0
0
0
127480
127465
0
0
0
0
127480
127466
0
0
0
0
127480
127468
0
0
0
0
127480
127469
0
0
0
0
127480
127470
0
0
0
0
127480
127471
0
0
0
0
127480
127472
0
0
0
0
127480
127473
0
0
0
0
127480
127474
0
0
0
0
127480
127475
0
0
0
0
127480
127476
0
0
0
0
127480
127479
0
0
0
0
127480
127480
0
0
0
0
127480
127481
0
0
0
0
127480
127483
0
0
0
0
127480
127485
0
0
0
0
127480
127486
0
0
0
0
127480
127487
0
0
0
0
127481
0
0
0
0
0
127481
127462
0
0
0
0
127481
127464
0
0
0
0
127481
127465
0
0
0
0
127481
127467
0
0
0
0
127481
127468
0
0
0
0
127481
127469
0
0
0
0
127481
127471
0
0
0
0
127481
127472
0
0
0
0
127481
127473
0
0
0
0
127481
127474
0
0
0
0
127481
127475
0
0
0
0
127481
127476
0
0
0
0
127481
127479
0
0
0
0
127481
127481
0
0
0
0
127481
127483
0
0
0
0
127481
127484
0
0
0
0
127481
127487
0
0
0
0
127482
0
0
0
0
0
127482
127462
0
0
0
0
127482
127468
0
0
0
0
127482
127474
0
0
0
0
127482
127475
0
0
0
0
127482
127480
0
0
0
0
127482
127486
0
0
0
0
127482
127487
0
0
0
0
127483
0
0
0
0
0
127483
127462
0
0
0
0
127483
127464
0
0
0
0
127483
127466
0
0
0
0
127483
127468
0
0
0
0
127483
127470
0
0
0
0
127483
127475
0
0
0
0
127483
127482
0
0
0
0
127484
0
0
0
0
0
127484
127467
0
0
0
0
127484
127480
0
0
0
0
127485
0
0
0
0
0
127485
127472
0
0
0
0
127486
0
0
0
0
0
127486
127466
0
0
0
0
127486
127481
0
0
0
0
127487
0
0
0
0
0
127487
127462
0
0
0
0
127487
127474
0
0
0
0
127487
127484
0
0
0
0
127489
0
0
0
0
0
127490
0
0
0
0
0
127514
0
0
0
0
0
127535
0
0
0
0
0
127538
0
0
0
0
0
127539
0
0
0
0
0
127540
0
0
0
0
0
127541
0
0
0
0
0
127542
0
0
0
0
0
127543
0
0
0
0
0
127544
0
0
0
0
0
127545
0
0
0
0
0
127546
0
0
0
0
0
127568
0
0
0
0
0
127569
0
0
0
0
0
127744
0
0
0
0
0
127745
0
0
0
0
0
127746
0
0
0
0
0
127747
0
0
0
0
0
127748
0
0
0
0
0
127749
0
0
0
0
0
127750
0
0
0
0
0
127751
0
0
0
0
0
127752
0
0
0
0
0
127753
0
0
0
0
0
127754
0
0
0
0
0
127755
0
0
0
0
0
127756
0
0
0
0
0
127757
0
0
0
0
0
127758
0
0
0
0
0
127759
0
0
0
0
0
127760
0
0
0
0
0
127761
0
0
0
0
0
127762
0
0
0
0
0
127763
0
0
0
0
0
127764
0
0
0
0
0
127765
0
0
0
0
0
127766
0
0
0
0
0
127767
0
0
0
0
0
127768
0
0
0
0
0
127769
0
0
0
0
0
127770
0
0
0
0
0
127771
0
0
0
0
0
127772
0
0
0
0
0
127773
0
0
0
0
0
127774
0
0
0
0
0
127775
0
0
0
0
0
127776
0
0
0
0
0
127777
0
0
0
0
0
127780
0
0
0
0
0
127781
0
0
0
0
0
127782
0
0
0
0
0
127783
0
0
0
0
0
127784
0
0
0
0
0
127785
0
0
0
0
0
127786
0
0
0
0
0
127787
0
0
0
0
0
127788
0
0
0
0
0
127789
0
0
0
0
0
127790
0
0
0
0
0
127791
0
0
0
0
0
127792
0
0
0
0
0
127793
0
0
0
0
0
127794
0
0
0
0
0
127795
0
0
0
0
0
127796
0
0
0
0
0
127797
0
0
0
0
0
127798
0
0
0
0
0
127799
0
0
0
0
0
127800
0
0
0
0
0
127801
0
0
0
0
0
127802
0
0
0
0
0
127803
0
0
0
0
0
127804
0
0
0
0
0
127805
0
0
0
0
0
127806
0
0
0
0
0
127807
0
0
0
0
0
127808
0
0
0
0
0
127809
0
0
0
0
0
127810
0
0
0
0
0
127811
0
0
0
0
0
127812
0
0
0
0
0
127812
129003
0
0
0
0
127813
0
0
0
0
0
127814
0
0
0
0
0
127815
0
0
0
0
0
127816
0
0
0
0
0
127817
0
0
0
0
0
127818
0
0
0
0
0
127819
0
0
0
0
0
127819
129001
0
0
0
0
127820
0
0
0
0
0
127821
0
0
0
0
0
127822
0
0
0
0
0
127823
0
0
0
0
0
127824
0
0
0
0
0
127825
0
0
0
0
0
127826
0
0
0
0
0
127827
0
0
0
0
0
127828
0
0
0
0
0
127829
0
0
0
0
0
127830
0
0
0
0
0
127831
0
0
0
0
0
127832
0
0
0
0
0
127833
0
0
0
0
0
127834
0
0
0
0
0
127835
0
0
0
0
0
127836
0
0
0
0
0
127837
0
0
0
0
0
127838
0
0
0
0
0
127839
0
0
0
0
0
127840
0
0
0
0
0
127841
0
0
0
0
0
127842
0
0
0
0
0
127843
0
0
0
0
0
127844
0
0
0
0
0
127845
0
0
0
0
0
127846
0
0
0
0
0
127847
0
0
0
0
0
127848
0
0
0
0
0
127849
0
0
0
0
0
127850
0
0
0
0
0
127851
0
0
0
0
0
127852
0
0
0
0
0
127853
0
0
0
0
0
127854
0
0
0
0
0
127855
0
0
0
0
0
127856
0
0
0
0
0
127857
0
0
0
0
0
127858
0
0
0
0
0
127859
0
0
0
0
0
127860
0
0
0
0
0
127861
0
0
0
0
0
127862
0
0
0
0
0
127863
0
0
0
0
0
127864
0
0
0
0
0
127865
0
0
0
0
0
127866
0
0
0
0
0
127867
0
0
0
0
0
127868
0
0
0
0
0
127869
0
0
0
0
0
127870
0
0
0
0
0
127871
0
0
0
0
0
127872
0
0
0
0
0
127873
0
0
0
0
0
127874
0
0
0
0
0
127875
0
0
0
0
0
127876
0
0
0
0
0
127877
0
0
0
0
0
127877
127995
0
0
0
0
127877
127996
0
0
0
0
127877
127997
0
0
0
0
127877
127998
0
0
0
0
127877
127999
0
0
0
0
127878
0
0
0
0
0
127879
0
0
0
0
0
127880
0
0
0
0
0
127881
0
0
0
0
0
127882
0
0
0
0
0
127883
0
0
0
0
0
127884
0
0
0
0
0
127885
0
0
0
0
0
127886
0
0
0
0
0
127887
0
0
0
0
0
127888
0
0
0
0
0
127889
0
0
0
0
0
127890
0
0
0
0
0
127891
0
0
0
0
0
127894
0
0
0
0
0
127895
0
0
0
0
0
127897
0
0
0
0
0
127898
0
0
0
0
0
127899
0
0
0
0
0
127902
0
0
0
0
0
127903
0
0
0
0
0
127904
0
0
0
0
0
127905
0
0
0
0
0
127906
0
0
0
0
0
127907
0
0
0
0
0
127908
0
0
0
0
0
127909
0
0
0
0
0
127910
0
0
0
0
0
127911
0
0
0
0
0
127912
0
0
0
0
0
127913
0
0
0
0
0
127914
0
0
0
0
0
127915
0
0
0
0
0
127916
0
0
0
0
0
127917
0
0
0
0
0
127918
0
0
0
0
0
127919
0
0
0
0
0
127920
0
0
0
0
0
127921
0
0
0
0
0
127922
0
0
0
0
0
127923
0
0
0
0
0
127924
0
0
0
0
0
127925
0
0
0
0
0
127926
0
0
0
0
0
127927
0
0
0
0
0
127928
0
0
0
0
0
127929
0
0
0
0
0
127930
0
0
0
0
0
127931
0
0
0
0
0
127932
0
0
0
0
0
127933
0
0
0
0
0
127934
0
0
0
0
0
127935
0
0
0
0
0
127936
0
0
0
0
0
127937
0
0
0
0
0
127938
0
0
0
0
0
127938
127995
0
0
0
0
127938
127996
0
0
0
0
127938
127997
0
0
0
0
127938
127998
0
0
0
0
127938
127999
0
0
0
0
127939
0
0
0
0
0
127939
127995
0
0
0
0
127939
127995
9792
0
0
0
127939
127995
9792
10145
0
0
127939
127995
9794
0
0
0
127939
127995
9794
10145
0
0
127939
127995
10145
0
0
0
127939
127996
0
0
0
0
127939
127996
9792
0
0
0
127939
127996
9792
10145
0
0
127939
127996
9794
0
0
0
127939
127996
9794
10145
0
0
127939
127996
10145
0
0
0
127939
127997
0
0
0
0
127939
127997
9792
0
0
0
127939
127997
9792
10145
0
0
127939
127997
9794
0
0
0
127939
127997
9794
10145
0
0
127939
127997
10145
0
0
0
127939
127998
0
0
0
0
127939
127998
9792
0
0
0
127939
127998
9792
10145
0
0
127939
127998
9794
0
0
0
127939
127998
9794
10145
0
0
127939
127998
10145
0
0
0
127939
127999
0
0
0
0
127939
127999
9792
0
0
0
127939
127999
9792
10145
0
0
127939
127999
9794
0
0
0
127939
127999
9794
10145
0
0
127939
127999
10145
0
0
0
127939
9792
0
0
0
0
127939
9792
10145
0
0
0
127939
9794
0
0
0
0
127939
9794
10145
0
0
0
127939
10145
0
0
0
0
127940
0
0
0
0
0
127940
127995
0
0
0
0
127940
127995
9792
0
0
0
127940
127995
9794
0
0
0
127940
127996
0
0
0
0
127940
127996
9792
0
0
0
127940
127996
9794
0
0
0
127940
127997
0
0
0
0
127940
127997
9792
0
0
0
127940
127997
9794
0
0
0
127940
127998
0
0
0
0
127940
127998
9792
0
0
0
127940
127998
9794
0
0
0
127940
127999
0
0
0
0
127940
127999
9792
0
0
0
127940
127999
9794
0
0
0
127940
9792
0
0
0
0
127940
9794
0
0
0
0
127941
0
0
0
0
0
127942
0
0
0
0
0
127943
0
0
0
0
0
127943
127995
0
0
0
0
127943
127996
0
0
0
0
127943
127997
0
0
0
0
127943
127998
0
0
0
0
127943
127999
0
0
0
0
127944
0
0
0
0
0
127945
0
0
0
0
0
127946
0
0
0
0
0
127946
127995
0
0
0
0
127946
127995
9792
0
0
0
127946
127995
9794
0
0
0
127946
127996
0
0
0
0
127946
127996
9792
0
0
0
127946
127996
9794
0
0
0
127946
127997
0
0
0
0
127946
127997
9792
0
0
0
127946
127997
9794
0
0
0
127946
127998
0
0
0
0
127946
127998
9792
0
0
0
127946
127998
9794
0
0
0
127946
127999
0
0
0
0
127946
127999
9792
0
0
0
127946
127999
9794
0
0
0
127946
9792
0
0
0
0
127946
9794
0
0
0
0
127947
0
0
0
0
0
127947
127995
0
0
0
0
127947
127995
9792
0
0
0
127947
127995
9794
0
0
0
127947
127996
0
0
0
0
127947
127996
9792
0
0
0
127947
127996
9794
0
0
0
127947
127997
0
0
0
0
127947
127997
9792
0
0
0
127947
127997
9794
0
0
0
127947
127998
0
0
0
0
127947
127998
9792
0
0
0
127947
127998
9794
0
0
0
127947
127999
0
0
0
0
127947
127999
9792
0
0
0
127947
127999
9794
0
0
0
127947
9792
0
0
0
0
127947
9794
0
0
0
0
127948
0
0
0
0
0
127948
127995
0
0
0
0
127948
127995
9792
0
0
0
127948
127995
9794
0
0
0
127948
127996
0
0
0
0
127948
127996
9792
0
0
0
127948
127996
9794
0
0
0
127948
127997
0
0
0
0
127948
127997
9792
0
0
0
127948
127997
9794
0
0
0
127948
127998
0
0
0
0
127948
127998
9792
0
0
0
127948
127998
9794
0
0
0
127948
127999
0
0
0
0
127948
127999
9792
0
0
0
127948
127999
9794
0
0
0
127948
9792
0
0
0
0
127948
9794
0
0
0
0
127949
0
0
0
0
0
127950
0
0
0
0
0
127951
0
0
0
0
0
127952
0
0
0
0
0
127953
0
0
0
0
0
127954
0
0
0
0
0
127955
0
0
0
0
0
127956
0
0
0
0
0
127957
0
0
0
0
0
127958
0
0
0
0
0
127959
0
0
0
0
0
127960
0
0
0
0
0
127961
0
0
0
0
0
127962
0
0
0
0
0
127963
0
0
0
0
0
127964
0
0
0
0
0
127965
0
0
0
0
0
127966
0
0
0
0
0
127967
0
0
0
0
0
127968
0
0
0
0
0
127969
0
0
0
0
0
127970
0
0
0
0
0
127971
0
0
0
0
0
127972
0
0
0
0
0
127973
0
0
0
0
0
127974
0
0
0
0
0
127975
0
0
0
0
0
127976
0
0
0
0
0
127977
0
0
0
0
0
127978
0
0
0
0
0
127979
0
0
0
0
0
127980
0
0
0
0
0
127981
0
0
0
0
0
127982
0
0
0
0
0
127983
0
0
0
0
0
127984
0
0
0
0
0
127987
0
0
0
0
0
127987
127752
0
0
0
0
127987
9895
0
0
0
0
127988
0
0
0
0
0
127988
9760
0
0
0
0
127989
0
0
0
0
0
127991
0
0
0
0
0
127992
0
0
0
0
0
127993
0
0
0
0
0
127994
0
0
0
0
0
127995
0
0
0
0
0
127996
0
0
0
0
0
127997
0
0
0
0
0
127998
0
0
0
0
0
127999
0
0
0
0
0
128000
0
0
0
0
0
128001
0
0
0
0
0
128002
0
0
0
0
0
128003
0
0
0
0
0
128004
0
0
0
0
0
128005
0
0
0
0
0
128006
0
0
0
0
0
128007
0
0
0
0
0
128008
0
0
0
0
0
128008
11035
0
0
0
0
128009
0
0
0
0
0
128010
0
0
0
0
0
128011
0
0
0
0
0
128012
0
0
0
0
0
128013
0
0
0
0
0
128014
0
0
0
0
0
128015
0
0
0
0
0
128016
0
0
0
0
0
128017
0
0
0
0
0
128018
0
0
0
0
0
128019
0
0
0
0
0
128020
0
0
0
0
0
128021
0
0
0
0
0
128021
129466
0
0
0
0
128022
0
0
0
0
0
128023
0
0
0
0
0
128024
0
0
0
0
0
128025
0
0
0
0
0
128026
0
0
0
0
0
128027
0
0
0
0
0
128028
0
0
0
0
0
128029
0
0
0
0
0
128030
0
0
0
0
0
128031
0
0
0
0
0
128032
0
0
0
0
0
128033
0
0
0
0
0
128034
0
0
0
0
0
128035
0
0
0
0
0
128036
0
0
0
0
0
128037
0
0
0
0
0
128038
0
0
0
0
0
128038
128293
0
0
0
0
128038
11035
0
0
0
0
128039
0
0
0
0
0
128040
0
0
0
0
0
128041
0
0
0
0
0
128042
0
0
0
0
0
128043
0
0
0
0
0
128044
0
0
0
0
0
128045
0
0
0
0
0
128046
0
0
0
0
0
128047
0
0
0
0
0
128048
0
0
0
0
0
128049
0
0
0
0
0
128050
0
0
0
0
0
128051
0
0
0
0
0
128052
0
0
0
0
0
128053
0
0
0
0
0
128054
0
0
0
0
0
128055
0
0
0
0
0
128056
0
0
0
0
0
128057
0
0
0
0
0
128058
0
0
0
0
0
128059
0
0
0
0
0
128059
10052
0
0
0
0
128060
0
0
0
0
0
128061
0
0
0
0
0
128062
0
0
0
0
0
128063
0
0
0
0
0
128064
0
0
0
0
0
128065
0
0
0
0
0
128065
128488
0
0
0
0
128066
0
0
0
0
0
128066
127995
0
0
0
0
128066
127996
0
0
0
0
128066
127997
0
0
0
0
128066
127998
0
0
0
0
128066
127999
0
0
0
0
128067
0
0
0
0
0
128067
127995
0
0
0
0
128067
127996
0
0
0
0
128067
127997
0
0
0
0
128067
127998
0
0
0
0
128067
127999
0
0
0
0
128068
0
0
0
0
0
128069
0
0
0
0
0
128070
0
0
0
0
0
128070
127995
0
0
0
0
128070
127996
0
0
0
0
128070
127997
0
0
0
0
128070
127998
0
0
0
0
128070
127999
0
0
0
0
128071
0
0
0
0
0
128071
127995
0
0
0
0
128071
127996
0
0
0
0
128071
127997
0
0
0
0
128071
127998
0
0
0
0
128071
127999
0
0
0
0
128072
0
0
0
0
0
128072
127995
0
0
0
0
128072
127996
0
0
0
0
128072
127997
0
0
0
0
128072
127998
0
0
0
0
128072
127999
0
0
0
0
128073
0
0
0
0
0
128073
127995
0
0
0
0
128073
127996
0
0
0
0
128073
127997
0
0
0
0
128073
127998
0
0
0
0
128073
127999
0
0
0
0
128074
0
0
0
0
0
128074
127995
0
0
0
0
128074
127996
0
0
0
0
128074
127997
0
0
0
0
128074
127998
0
0
0
0
128074
127999
0
0
0
0
128075
0
0
0
0
0
128075
127995
0
0
0
0
128075
127996
0
0
0
0
128075
127997
0
0
0
0
128075
127998
0
0
0
0
128075
127999
0
0
0
0
128076
0
0
0
0
0
128076
127995
0
0
0
0
128076
127996
0
0
0
0
128076
127997
0
0
0
0
128076
127998
0
0
0
0
128076
127999
0
0
0
0
128077
0
0
0
0
0
128077
127995
0
0
0
0
128077
127996
0
0
0
0
128077
127997
0
0
0
0
128077
127998
0
0
0
0
128077
127999
0
0
0
0
128078
0
0
0
0
0
128078
127995
0
0
0
0
128078
127996
0
0
0
0
128078
127997
0
0
0
0
128078
127998
0
0
0
0
128078
127999
0
0
0
0
128079
0
0
0
0
0
128079
127995
0
0
0
0
128079
127996
0
0
0
0
128079
127997
0
0
0
0
128079
127998
0
0
0
0
128079
127999
0
0
0
0
128080
0
0
0
0
0
128080
127995
0
0
0
0
128080
127996
0
0
0
0
128080
127997
0
0
0
0
128080
127998
0
0
0
0
128080
127999
0
0
0
0
128081
0
0
0
0
0
128082
0
0
0
0
0
128083
0
0
0
0
0
128084
0
0
0
0
0
128085
0
0
0
0
0
128086
0
0
0
0
0
128087
0
0
0
0
0
128088
0
0
0
0
0
128089
0
0
0
0
0
128090
0
0
0
0
0
128091
0
0
0
0
0
128092
0
0
0
0
0
128093
0
0
0
0
0
128094
0
0
0
0
0
128095
0
0
0
0
0
128096
0
0
0
0
0
128097
0
0
0
0
0
128098
0
0
0
0
0
128099
0
0
0
0
0
128100
0
0
0
0
0
128101
0
0
0
0
0
128102
0
0
0
0
0
128102
127995
0
0
0
0
128102
127996
0
0
0
0
128102
127997
0
0
0
0
128102
127998
0
0
0
0
128102
127999
0
0
0
0
128103
0
0
0
0
0
128103
127995
0
0
0
0
128103
127996
0
0
0
0
128103
127997
0
0
0
0
128103
127998
0
0
0
0
128103
127999
0
0
0
0
128104
0
0
0
0
0
128104
127995
0
0
0
0
128104
127995
127806
0
0
0
128104
127995
127859
0
0
0
128104
127995
127868
0
0
0
128104
127995
127891
0
0
0
128104
127995
127908
0
0
0
128104
127995
127912
0
0
0
128104
127995
127979
0
0
0
128104
127995
127981
0
0
0
128104
127995
128187
0
0
0
128104
127995
128188
0
0
0
128104
127995
128295
0
0
0
128104
127995
128300
0
0
0
128104
127995
128640
0
0
0
128104
127995
128658
0
0
0
128104
127995
129309
128104
127996
0
128104
127995
129309
128104
127997
0
128104
127995
129309
128104
127998
0
128104
127995
129309
128104
127999
0
128104
127995
129455
0
0
0
128104
127995
129455
10145
0
0
128104
127995
129456
0
0
0
128104
127995
129457
0
0
0
128104
127995
129458
0
0
0
128104
127995
129459
0
0
0
128104
127995
129468
0
0
0
128104
127995
129468
10145
0
0
128104
127995
129469
0
0
0
128104
127995
129469
10145
0
0
128104
127995
9877
0
0
0
128104
127995
9878
0
0
0
128104
127995
9992
0
0
0
128104
127995
10084
128104
127995
0
128104
127995
10084
128104
127996
0
128104
127995
10084
128104
127997
0
128104
127995
10084
128104
127998
0
128104
127995
10084
128104
127999
0
128104
127995
10084
128139
128104
127995
128104
127995
10084
128139
128104
127996
128104
127995
10084
128139
128104
127997
128104
127995
10084
128139
128104
127998
128104
127995
10084
128139
128104
127999
128104
127996
0
0
0
0
128104
127996
127806
0
0
0
128104
127996
127859
0
0
0
128104
127996
127868
0
0
0
128104
127996
127891
0
0
0
128104
127996
127908
0
0
0
128104
127996
127912
0
0
0
128104
127996
127979
0
0
0
128104
127996
127981
0
0
0
128104
127996
128187
0
0
0
128104
127996
128188
0
0
0
128104
127996
128295
0
0
0
128104
127996
128300
0
0
0
128104
127996
128640
0
0
0
128104
127996
128658
0
0
0
128104
127996
129309
128104
127995
0
128104
127996
129309
128104
127997
0
128104
127996
129309
128104
127998
0
128104
127996
129309
128104
127999
0
128104
127996
129455
0
0
0
128104
127996
129455
10145
0
0
128104
127996
129456
0
0
0
128104
127996
129457
0
0
0
128104
127996
129458
0
0
0
128104
127996
129459
0
0
0
128104
127996
129468
0
0
0
128104
127996
129468
10145
0
0
128104
127996
129469
0
0
0
128104
127996
129469
10145
0
0
128104
127996
9877
0
0
0
128104
127996
9878
0
0
0
128104
127996
9992
0
0
0
128104
127996
10084
128104
127995
0
128104
127996
10084
128104
127996
0
128104
127996
10084
128104
127997
0
128104
127996
10084
128104
127998
0
128104
127996
10084
128104
127999
0
128104
127996
10084
128139
128104
127995
128104
127996
10084
128139
128104
127996
128104
127996
10084
128139
128104
127997
128104
127996
10084
128139
128104
127998
128104
127996
10084
128139
128104
127999
128104
127997
0
0
0
0
128104
127997
127806
0
0
0
128104
127997
127859
0
0
0
128104
127997
127868
0
0
0
128104
127997
127891
0
0
0
128104
127997
127908
0
0
0
128104
127997
127912
0
0
0
128104
127997
127979
0
0
0
128104
127997
127981
0
0
0
128104
127997
128187
0
0
0
128104
127997
128188
0
0
0
128104
127997
128295
0
0
0
128104
127997
128300
0
0
0
128104
127997
128640
0
0
0
128104
127997
128658
0
0
0
128104
127997
129309
128104
127995
0
128104
127997
129309
128104
127996
0
128104
127997
129309
128104
127998
0
128104
127997
129309
128104
127999
0
128104
127997
129455
0
0
0
128104
127997
129455
10145
0
0
128104
127997
129456
0
0
0
128104
127997
129457
0
0
0
128104
127997
129458
0
0
0
128104
127997
129459
0
0
0
128104
127997
129468
0
0
0
128104
127997
129468
10145
0
0
128104
127997
129469
0
0
0
128104
127997
129469
10145
0
0
128104
127997
9877
0
0
0
128104
127997
9878
0
0
0
128104
127997
9992
0
0
0
128104
127997
10084
128104
127995
0
128104
127997
10084
128104
127996
0
128104
127997
10084
128104
127997
0
128104
127997
10084
128104
127998
0
128104
127997
10084
128104
127999
0
128104
127997
10084
128139
128104
127995
128104
127997
10084
128139
128104
127996
128104
127997
10084
128139
128104
127997
128104
127997
10084
128139
128104
127998
128104
127997
10084
128139
128104
127999
128104
127998
0
0
0
0
128104
127998
127806
0
0
0
128104
127998
127859
0
0
0
128104
127998
127868
0
0
0
128104
127998
127891
0
0
0
128104
127998
127908
0
0
0
128104
127998
127912
0
0
0
128104
127998
127979
0
0
0
128104
127998
127981
0
0
0
128104
127998
128187
0
0
0
128104
127998
128188
0
0
0
128104
127998
128295
0
0
0
128104
127998
128300
0
0
0
128104
127998
128640
0
0
0
128104
127998
128658
0
0
0
128104
127998
129309
128104
127995
0
128104
127998
129309
128104
127996
0
128104
127998
129309
128104
127997
0
128104
127998
129309
128104
127999
0
128104
127998
129455
0
0
0
128104
127998
129455
10145
0
0
128104
127998
129456
0
0
0
128104
127998
129457
0
0
0
128104
127998
129458
0
0
0
128104
127998
129459
0
0
0
128104
127998
129468
0
0
0
128104
127998
129468
10145
0
0
128104
127998
129469
0
0
0
128104
127998
129469
10145
0
0
128104
127998
9877
0
0
0
128104
127998
9878
0
0
0
128104
127998
9992
0
0
0
128104
127998
10084
128104
127995
0
128104
127998
10084
128104
127996
0
128104
127998
10084
128104
127997
0
128104
127998
10084
128104
127998
0
128104
127998
10084
128104
127999
0
128104
127998
10084
128139
128104
127995
128104
127998
10084
128139
128104
127996
128104
127998
10084
128139
128104
127997
128104
127998
10084
128139
128104
127998
128104
127998
10084
128139
128104
127999
128104
127999
0
0
0
0
128104
127999
127806
0
0
0
128104
127999
127859
0
0
0
128104
127999
127868
0
0
0
128104
127999
127891
0
0
0
128104
127999
127908
0
0
0
128104
127999
127912
0
0
0
128104
127999
127979
0
0
0
128104
127999
127981
0
0
0
128104
127999
128187
0
0
0
128104
127999
128188
0
0
0
128104
127999
128295
0
0
0
128104
127999
128300
0
0
0
128104
127999
128640
0
0
0
128104
127999
128658
0
0
0
128104
127999
129309
128104
127995
0
128104
127999
129309
128104
127996
0
128104
127999
129309
128104
127997
0
128104
127999
129309
128104
127998
0
128104
127999
129455
0
0
0
128104
127999
129455
10145
0
0
128104
127999
129456
0
0
0
128104
127999
129457
0
0
0
128104
127999
129458
0
0
0
128104
127999
129459
0
0
0
128104
127999
129468
0
0
0
128104
127999
129468
10145
0
0
128104
127999
129469
0
0
0
128104
127999
129469
10145
0
0
128104
127999
9877
0
0
0
128104
127999
9878
0
0
0
128104
127999
9992
0
0
0
128104
127999
10084
128104
127995
0
128104
127999
10084
128104
127996
0
128104
127999
10084
128104
127997
0
128104
127999
10084
128104
127998
0
128104
127999
10084
128104
127999
0
128104
127999
10084
128139
128104
127995
128104
127999
10084
128139
128104
127996
128104
127999
10084
128139
128104
127997
128104
127999
10084
128139
128104
127998
128104
127999
10084
128139
128104
127999
128104
127806
0
0
0
0
128104
127859
0
0
0
0
128104
127868
0
0
0
0
128104
127891
0
0
0
0
128104
127908
0
0
0
0
128104
127912
0
0
0
0
128104
127979
0
0
0
0
128104
127981
0
0
0
0
128104
128102
0
0
0
0
128104
128102
128102
0
0
0
128104
128103
0
0
0
0
128104
128103
128102
0
0
0
128104
128103
128103
0
0
0
128104
128104
128102
0
0
0
128104
128104
128102
128102
0
0
128104
128104
128103
0
0
0
128104
128104
128103
128102
0
0
128104
128104
128103
128103
0
0
128104
128105
128102
0
0
0
128104
128105
128102
128102
0
0
128104
128105
128103
0
0
0
128104
128105
128103
128102
0
0
128104
128105
128103
128103
0
0
128104
128187
0
0
0
0
128104
128188
0
0
0
0
128104
128295
0
0
0
0
128104
128300
0
0
0
0
128104
128640
0
0
0
0
128104
128658
0
0
0
0
128104
129455
0
0
0
0
128104
129455
10145
0
0
0
128104
129456
0
0
0
0
128104
129457
0
0
0
0
128104
129458
0
0
0
0
128104
129459
0
0
0
0
128104
129468
0
0
0
0
128104
129468
10145
0
0
0
128104
129469
0
0
0
0
128104
129469
10145
0
0
0
128104
9877
0
0
0
0
128104
9878
0
0
0
0
128104
9992
0
0
0
0
128104
10084
128104
0
0
0
128104
10084
128139
128104
0
0
128105
0
0
0
0
0
128105
127995
0
0
0
0
128105
127995
127806
0
0
0
128105
127995
127859
0
0
0
128105
127995
127868
0
0
0
128105
127995
127891
0
0
0
128105
127995
127908
0
0
0
128105
127995
127912
0
0
0
128105
127995
127979
0
0
0
128105
127995
127981
0
0
0
128105
127995
128187
0
0
0
128105
127995
128188
0
0
0
128105
127995
128295
0
0
0
128105
127995
128300
0
0
0
128105
127995
128640
0
0
0
128105
127995
128658
0
0
0
128105
127995
129309
128104
127996
0
128105
127995
129309
128104
127997
0
128105
127995
129309
128104
127998
0
128105
127995
129309
128104
127999
0
128105
127995
129309
128105
127996
0
128105
127995
129309
128105
127997
0
128105
127995
129309
128105
127998
0
128105
127995
129309
128105
127999
0
128105
127995
129455
0
0
0
128105
127995
129455
10145
0
0
128105
127995
129456
0
0
0
128105
127995
129457
0
0
0
128105
127995
129458
0
0
0
128105
127995
129459
0
0
0
128105
127995
129468
0
0
0
128105
127995
129468
10145
0
0
128105
127995
129469
0
0
0
128105
127995
129469
10145
0
0
128105
127995
9877
0
0
0
128105
127995
9878
0
0
0
128105
127995
9992
0
0
0
128105
127995
10084
128104
127995
0
128105
127995
10084
128104
127996
0
128105
127995
10084
128104
127997
0
128105
127995
10084
128104
127998
0
128105
127995
10084
128104
127999
0
128105
127995
10084
128105
127995
0
128105
127995
10084
128105
127996
0
128105
127995
10084
128105
127997
0
128105
127995
10084
128105
127998
0
128105
127995
10084
128105
127999
0
128105
127995
10084
128139
128104
127995
128105
127995
10084
128139
128104
127996
128105
127995
10084
128139
128104
127997
128105
127995
10084
128139
128104
127998
128105
127995
10084
128139
128104
127999
128105
127995
10084
128139
128105
127995
128105
127995
10084
128139
128105
127996
128105
127995
10084
128139
128105
127997
128105
127995
10084
128139
128105
127998
128105
127995
10084
128139
128105
127999
128105
127996
0
0
0
0
128105
127996
127806
0
0
0
128105
127996
127859
0
0
0
128105
127996
127868
0
0
0
128105
127996
127891
0
0
0
128105
127996
127908
0
0
0
128105
127996
127912
0
0
0
128105
127996
127979
0
0
0
128105
127996
127981
0
0
0
128105
127996
128187
0
0
0
128105
127996
128188
0
0
0
128105
127996
128295
0
0
0
128105
127996
128300
0
0
0
128105
127996
128640
0
0
0
128105
127996
128658
0
0
0
128105
127996
129309
128104
127995
0
128105
127996
129309
128104
127997
0
128105
127996
129309
128104
127998
0
128105
127996
129309
128104
127999
0
128105
127996
129309
128105
127995
0
128105
127996
129309
128105
127997
0
128105
127996
129309
128105
127998
0
128105
127996
129309
128105
127999
0
128105
127996
129455
0
0
0
128105
127996
129455
10145
0
0
128105
127996
129456
0
0
0
128105
127996
129457
0
0
0
128105
127996
129458
0
0
0
128105
127996
129459
0
0
0
128105
127996
129468
0
0
0
128105
127996
129468
10145
0
0
128105
127996
129469
0
0
0
128105
127996
129469
10145
0
0
128105
127996
9877
0
0
0
128105
127996
9878
0
0
0
128105
127996
9992
0
0
0
128105
127996
10084
128104
127995
0
128105
127996
10084
128104
127996
0
128105
127996
10084
128104
127997
0
128105
127996
10084
128104
127998
0
128105
127996
10084
128104
127999
0
128105
127996
10084
128105
127995
0
128105
127996
10084
128105
127996
0
128105
127996
10084
128105
127997
0
128105
127996
10084
128105
127998
0
128105
127996
10084
128105
127999
0
128105
127996
10084
128139
128104
127995
128105
127996
10084
128139
128104
127996
128105
127996
10084
128139
128104
127997
128105
127996
10084
128139
128104
127998
128105
127996
10084
128139
128104
127999
128105
127996
10084
128139
128105
127995
128105
127996
10084
128139
128105
127996
128105
127996
10084
128139
128105
127997
128105
127996
10084
128139
128105
127998
128105
127996
10084
128139
128105
127999
128105
127997
0
0
0
0
128105
127997
127806
0
0
0
128105
127997
127859
0
0
0
128105
127997
127868
0
0
0
128105
127997
127891
0
0
0
128105
127997
127908
0
0
0
128105
127997
127912
0
0
0
128105
127997
127979
0
0
0
128105
127997
127981
0
0
0
128105
127997
128187
0
0
0
128105
127997
128188
0
0
0
128105
127997
128295
0
0
0
128105
127997
128300
0
0
0
128105
127997
128640
0
0
0
128105
127997
128658
0
0
0
128105
127997
129309
128104
127995
0
128105
127997
129309
128104
127996
0
128105
127997
129309
128104
127998
0
128105
127997
129309
128104
127999
0
128105
127997
129309
128105
127995
0
128105
127997
129309
128105
127996
0
128105
127997
129309
128105
127998
0
128105
127997
129309
128105
127999
0
128105
127997
129455
0
0
0
128105
127997
129455
10145
0
0
128105
127997
129456
0
0
0
128105
127997
129457
0
0
0
128105
127997
129458
0
0
0
128105
127997
129459
0
0
0
128105
127997
129468
0
0
0
128105
127997
129468
10145
0
0
128105
127997
129469
0
0
0
128105
127997
129469
10145
0
0
128105
127997
9877
0
0
0
128105
127997
9878
0
0
0
128105
127997
9992
0
0
0
128105
127997
10084
128104
127995
0
128105
127997
10084
128104
127996
0
128105
127997
10084
128104
127997
0
128105
127997
10084
128104
127998
0
128105
127997
10084
128104
127999
0
128105
127997
10084
128105
127995
0
128105
127997
10084
128105
127996
0
128105
127997
10084
128105
127997
0
128105
127997
10084
128105
127998
0
128105
127997
10084
128105
127999
0
128105
127997
10084
128139
128104
127995
128105
127997
10084
128139
128104
127996
128105
127997
10084
128139
128104
127997
128105
127997
10084
128139
128104
127998
128105
127997
10084
128139
128104
127999
128105
127997
10084
128139
128105
127995
128105
127997
10084
128139
128105
127996
128105
127997
10084
128139
128105
127997
128105
127997
10084
128139
128105
127998
128105
127997
10084
128139
128105
127999
128105
127998
0
0
0
0
128105
127998
127806
0
0
0
128105
127998
127859
0
0
0
128105
127998
127868
0
0
0
128105
127998
127891
0
0
0
128105
127998
127908
0
0
0
128105
127998
127912
0
0
0
128105
127998
127979
0
0
0
128105
127998
127981
0
0
0
128105
127998
128187
0
0
0
128105
127998
128188
0
0
0
128105
127998
128295
0
0
0
128105
127998
128300
0
0
0
128105
127998
128640
0
0
0
128105
127998
128658
0
0
0
128105
127998
129309
128104
127995
0
128105
127998
129309
128104
127996
0
128105
127998
129309
128104
127997
0
128105
127998
129309
128104
127999
0
128105
127998
129309
128105
127995
0
128105
127998
129309
128105
127996
0
128105
127998
129309
128105
127997
0
128105
127998
129309
128105
127999
0
128105
127998
129455
0
0
0
128105
127998
129455
10145
0
0
128105
127998
129456
0
0
0
128105
127998
129457
0
0
0
128105
127998
129458
0
0
0
128105
127998
129459
0
0
0
128105
127998
129468
0
0
0
128105
127998
129468
10145
0
0
128105
127998
129469
0
0
0
128105
127998
129469
10145
0
0
128105
127998
9877
0
0
0
128105
127998
9878
0
0
0
128105
127998
9992
0
0
0
128105
127998
10084
128104
127995
0
128105
127998
10084
128104
127996
0
128105
127998
10084
128104
127997
0
128105
127998
10084
128104
127998
0
128105
127998
10084
128104
127999
0
128105
127998
10084
128105
127995
0
128105
127998
10084
128105
127996
0
128105
127998
10084
128105
127997
0
128105
127998
10084
128105
127998
0
128105
127998
10084
128105
127999
0
128105
127998
10084
128139
128104
127995
128105
127998
10084
128139
128104
127996
128105
127998
10084
128139
128104
127997
128105
127998
10084
128139
128104
127998
128105
127998
10084
128139
128104
127999
128105
127998
10084
128139
128105
127995
128105
127998
10084
128139
128105
127996
128105
127998
10084
128139
128105
127997
128105
127998
10084
128139
128105
127998
128105
127998
10084
128139
128105
127999
128105
127999
0
0
0
0
128105
127999
127806
0
0
0
128105
127999
127859
0
0
0
128105
127999
127868
0
0
0
128105
127999
127891
0
0
0
128105
127999
127908
0
0
0
128105
127999
127912
0
0
0
128105
127999
127979
0
0
0
128105
127999
127981
0
0
0
128105
127999
128187
0
0
0
128105
127999
128188
0
0
0
128105
127999
128295
0
0
0
128105
127999
128300
0
0
0
128105
127999
128640
0
0
0
128105
127999
128658
0
0
0
128105
127999
129309
128104
127995
0
128105
127999
129309
128104
127996
0
128105
127999
129309
128104
127997
0
128105
127999
129309
128104
127998
0
128105
127999
129309
128105
127995
0
128105
127999
129309
128105
127996
0
128105
127999
129309
128105
127997
0
128105
127999
129309
128105
127998
0
128105
127999
129455
0
0
0
128105
127999
129455
10145
0
0
128105
127999
129456
0
0
0
128105
127999
129457
0
0
0
128105
127999
129458
0
0
0
128105
127999
129459
0
0
0
128105
127999
129468
0
0
0
128105
127999
129468
10145
0
0
128105
127999
129469
0
0
0
128105
127999
129469
10145
0
0
128105
127999
9877
0
0
0
128105
127999
9878
0
0
0
128105
127999
9992
0
0
0
128105
127999
10084
128104
127995
0
128105
127999
10084
128104
127996
0
128105
127999
10084
128104
127997
0
128105
127999
10084
128104
127998
0
128105
127999
10084
128104
127999
0
128105
127999
10084
128105
127995
0
128105
127999
10084
128105
127996
0
128105
127999
10084
128105
127997
0
128105
127999
10084
128105
127998
0
128105
127999
10084
128105
127999
0
128105
127999
10084
128139
128104
127995
128105
127999
10084
128139
128104
127996
128105
127999
10084
128139
128104
127997
128105
127999
10084
128139
128104
127998
128105
127999
10084
128139
128104
127999
128105
127999
10084
128139
128105
127995
128105
127999
10084
128139
128105
127996
128105
127999
10084
128139
128105
127997
128105
127999
10084
128139
128105
127998
128105
127999
10084
128139
128105
127999
128105
127806
0
0
0
0
128105
127859
0
0
0
0
128105
127868
0
0
0
0
128105
127891
0
0
0
0
128105
127908
0
0
0
0
128105
127912
0
0
0
0
128105
127979
0
0
0
0
128105
127981
0
0
0
0
128105
128102
0
0
0
0
128105
128102
128102
0
0
0
128105
128103
0
0
0
0
128105
128103
128102
0
0
0
128105
128103
128103
0
0
0
128105
128105
128102
0
0
0
128105
128105
128102
128102
0
0
128105
128105
128103
0
0
0
128105
128105
128103
128102
0
0
128105
128105
128103
128103
0
0
128105
128187
0
0
0
0
128105
128188
0
0
0
0
128105
128295
0
0
0
0
128105
128300
0
0
0
0
128105
128640
0
0
0
0
128105
128658
0
0
0
0
128105
129455
0
0
0
0
128105
129455
10145
0
0
0
128105
129456
0
0
0
0
128105
129457
0
0
0
0
128105
129458
0
0
0
0
128105
129459
0
0
0
0
128105
129468
0
0
0
0
128105
129468
10145
0
0
0
128105
129469
0
0
0
0
128105
129469
10145
0
0
0
128105
9877
0
0
0
0
128105
9878
0
0
0
0
128105
9992
0
0
0
0
128105
10084
128104
0
0
0
128105
10084
128105
0
0
0
128105
10084
128139
128104
0
0
128105
10084
128139
128105
0
0
128106
0
0
0
0
0
128107
0
0
0
0
0
128107
127995
0
0
0
0
128107
127996
0
0
0
0
128107
127997
0
0
0
0
128107
127998
0
0
0
0
128107
127999
0
0
0
0
128108
0
0
0
0
0
128108
127995
0
0
0
0
128108
127996
0
0
0
0
128108
127997
0
0
0
0
128108
127998
0
0
0
0
128108
127999
0
0
0
0
128109
0
0
0
0
0
128109
127995
0
0
0
0
128109
127996
0
0
0
0
128109
127997
0
0
0
0
128109
127998
0
0
0
0
128109
127999
0
0
0
0
128110
0
0
0
0
0
128110
127995
0
0
0
0
128110
127995
9792
0
0
0
128110
127995
9794
0
0
0
128110
127996
0
0
0
0
128110
127996
9792
0
0
0
128110
127996
9794
0
0
0
128110
127997
0
0
0
0
128110
127997
9792
0
0
0
128110
127997
9794
0
0
0
128110
127998
0
0
0
0
128110
127998
9792
0
0
0
128110
127998
9794
0
0
0
128110
127999
0
0
0
0
128110
127999
9792
0
0
0
128110
127999
9794
0
0
0
128110
9792
0
0
0
0
128110
9794
0
0
0
0
128111
0
0
0
0
0
128111
9792
0
0
0
0
128111
9794
0
0
0
0
128112
0
0
0
0
0
128112
127995
0
0
0
0
128112
127995
9792
0
0
0
128112
127995
9794
0
0
0
128112
127996
0
0
0
0
128112
127996
9792
0
0
0
128112
127996
9794
0
0
0
128112
127997
0
0
0
0
128112
127997
9792
0
0
0
128112
127997
9794
0
0
0
128112
127998
0
0
0
0
128112
127998
9792
0
0
0
128112
127998
9794
0
0
0
128112
127999
0
0
0
0
128112
127999
9792
0
0
0
128112
127999
9794
0
0
0
128112
9792
0
0
0
0
128112
9794
0
0
0
0
128113
0
0
0
0
0
128113
127995
0
0
0
0
128113
127995
9792
0
0
0
128113
127995
9794
0
0
0
128113
127996
0
0
0
0
128113
127996
9792
0
0
0
128113
127996
9794
0
0
0
128113
127997
0
0
0
0
128113
127997
9792
0
0
0
128113
127997
9794
0
0
0
128113
127998
0
0
0
0
128113
127998
9792
0
0
0
128113
127998
9794
0
0
0
128113
127999
0
0
0
0
128113
127999
9792
0
0
0
128113
127999
9794
0
0
0
128113
9792
0
0
0
0
128113
9794
0
0
0
0
128114
0
0
0
0
0
128114
127995
0
0
0
0
128114
127996
0
0
0
0
128114
127997
0
0
0
0
128114
127998
0
0
0
0
128114
127999
0
0
0
0
128115
0
0
0
0
0
128115
127995
0
0
0
0
128115
127995
9792
0
0
0
128115
127995
9794
0
0
0
128115
127996
0
0
0
0
128115
127996
9792
0
0
0
128115
127996
9794
0
0
0
128115
127997
0
0
0
0
128115
127997
9792
0
0
0
128115
127997
9794
0
0
0
128115
127998
0
0
0
0
128115
127998
9792
0
0
0
128115
127998
9794
0
0
0
128115
127999
0
0
0
0
128115
127999
9792
0
0
0
128115
127999
9794
0
0
0
128115
9792
0
0
0
0
128115
9794
0
0
0
0
128116
0
0
0
0
0
128116
127995
0
0
0
0
128116
127996
0
0
0
0
128116
127997
0
0
0
0
128116
127998
0
0
0
0
128116
127999
0
0
0
0
128117
0
0
0
0
0
128117
127995
0
0
0
0
128117
127996
0
0
0
0
128117
127997
0
0
0
0
128117
127998
0
0
0
0
128117
127999
0
0
0
0
128118
0
0
0
0
0
128118
127995
0
0
0
0
128118
127996
0
0
0
0
128118
127997
0
0
0
0
128118
127998
0
0
0
0
128118
127999
0
0
0
0
128119
0
0
0
0
0
128119
127995
0
0
0
0
128119
127995
9792
0
0
0
128119
127995
9794
0
0
0
128119
127996
0
0
0
0
128119
127996
9792
0
0
0
128119
127996
9794
0
0
0
128119
127997
0
0
0
0
128119
127997
9792
0
0
0
128119
127997
9794
0
0
0
128119
127998
0
0
0
0
128119
127998
9792
0
0
0
128119
127998
9794
0
0
0
128119
127999
0
0
0
0
128119
127999
9792
0
0
0
128119
127999
9794
0
0
0
128119
9792
0
0
0
0
128119
9794
0
0
0
0
128120
0
0
0
0
0
128120
127995
0
0
0
0
128120
127996
0
0
0
0
128120
127997
0
0
0
0
128120
127998
0
0
0
0
128120
127999
0
0
0
0
128121
0
0
0
0
0
128122
0
0
0
0
0
128123
0
0
0
0
0
128124
0
0
0
0
0
128124
127995
0
0
0
0
128124
127996
0
0
0
0
128124
127997
0
0
0
0
128124
127998
0
0
0
0
128124
127999
0
0
0
0
128125
0
0
0
0
0
128126
0
0
0
0
0
128127
0
0
0
0
0
128128
0
0
0
0
0
128129
0
0
0
0
0
128129
127995
0
0
0
0
128129
127995
9792
0
0
0
128129
127995
9794
0
0
0
128129
127996
0
0
0
0
128129
127996
9792
0
0
0
128129
127996
9794
0
0
0
128129
127997
0
0
0
0
128129
127997
9792
0
0
0
128129
127997
9794
0
0
0
128129
127998
0
0
0
0
128129
127998
9792
0
0
0
128129
127998
9794
0
0
0
128129
127999
0
0
0
0
128129
127999
9792
0
0
0
128129
127999
9794
0
0
0
128129
9792
0
0
0
0
128129
9794
0
0
0
0
128130
0
0
0
0
0
128130
127995
0
0
0
0
128130
127995
9792
0
0
0
128130
127995
9794
0
0
0
128130
127996
0
0
0
0
128130
127996
9792
0
0
0
128130
127996
9794
0
0
0
128130
127997
0
0
0
0
128130
127997
9792
0
0
0
128130
127997
9794
0
0
0
128130
127998
0
0
0
0
128130
127998
9792
0
0
0
128130
127998
9794
0
0
0
128130
127999
0
0
0
0
128130
127999
9792
0
0
0
128130
127999
9794
0
0
0
128130
9792
0
0
0
0
128130
9794
0
0
0
0
128131
0
0
0
0
0
128131
127995
0
0
0
0
128131
127996
0
0
0
0
128131
127997
0
0
0
0
128131
127998
0
0
0
0
128131
127999
0
0
0
0
128132
0
0
0
0
0
128133
0
0
0
0
0
128133
127995
0
0
0
0
128133
127996
0
0
0
0
128133
127997
0
0
0
0
128133
127998
0
0
0
0
128133
127999
0
0
0
0
128134
0
0
0
0
0
128134
127995
0
0
0
0
128134
127995
9792
0
0
0
128134
127995
9794
0
0
0
128134
127996
0
0
0
0
128134
127996
9792
0
0
0
128134
127996
9794
0
0
0
128134
127997
0
0
0
0
128134
127997
9792
0
0
0
128134
127997
9794
0
0
0
128134
127998
0
0
0
0
128134
127998
9792
0
0
0
128134
127998
9794
0
0
0
128134
127999
0
0
0
0
128134
127999
9792
0
0
0
128134
127999
9794
0
0
0
128134
9792
0
0
0
0
128134
9794
0
0
0
0
128135
0
0
0
0
0
128135
127995
0
0
0
0
128135
127995
9792
0
0
0
128135
127995
9794
0
0
0
128135
127996
0
0
0
0
128135
127996
9792
0
0
0
128135
127996
9794
0
0
0
128135
127997
0
0
0
0
128135
127997
9792
0
0
0
128135
127997
9794
0
0
0
128135
127998
0
0
0
0
128135
127998
9792
0
0
0
128135
127998
9794
0
0
0
128135
127999
0
0
0
0
128135
127999
9792
0
0
0
128135
127999
9794
0
0
0
128135
9792
0
0
0
0
128135
9794
0
0
0
0
128136
0
0
0
0
0
128137
0
0
0
0
0
128138
0
0
0
0
0
128139
0
0
0
0
0
128140
0
0
0
0
0
128141
0
0
0
0
0
128142
0
0
0
0
0
128143
0
0
0
0
0
128143
127995
0
0
0
0
128143
127996
0
0
0
0
128143
127997
0
0
0
0
128143
127998
0
0
0
0
128143
127999
0
0
0
0
128144
0
0
0
0
0
128145
0
0
0
0
0
128145
127995
0
0
0
0
128145
127996
0
0
0
0
128145
127997
0
0
0
0
128145
127998
0
0
0
0
128145
127999
0
0
0
0
128146
0
0
0
0
0
128147
0
0
0
0
0
128148
0
0
0
0
0
128149
0
0
0
0
0
128150
0
0
0
0
0
128151
0
0
0
0
0
128152
0
0
0
0
0
128153
0
0
0
0
0
128154
0
0
0
0
0
128155
0
0
0
0
0
128156
0
0
0
0
0
128157
0
0
0
0
0
128158
0
0
0
0
0
128159
0
0
0
0
0
128160
0
0
0
0
0
128161
0
0
0
0
0
128162
0
0
0
0
0
128163
0
0
0
0
0
128164
0
0
0
0
0
128165
0
0
0
0
0
128166
0
0
0
0
0
128167
0
0
0
0
0
128168
0
0
0
0
0
128169
0
0
0
0
0
128170
0
0
0
0
0
128170
127995
0
0
0
0
128170
127996
0
0
0
0
128170
127997
0
0
0
0
128170
127998
0
0
0
0
128170
127999
0
0
0
0
128171
0
0
0
0
0
128172
0
0
0
0
0
128173
0
0
0
0
0
128174
0
0
0
0
0
128175
0
0
0
0
0
128176
0
0
0
0
0
128177
0
0
0
0
0
128178
0
0
0
0
0
128179
0
0
0
0
0
128180
0
0
0
0
0
128181
0
0
0
0
0
128182
0
0
0
0
0
128183
0
0
0
0
0
128184
0
0
0
0
0
128185
0
0
0
0
0
128186
0
0
0
0
0
128187
0
0
0
0
0
128188
0
0
0
0
0
128189
0
0
0
0
0
128190
0
0
0
0
0
128191
0
0
0
0
0
128192
0
0
0
0
0
128193
0
0
0
0
0
128194
0
0
0
0
0
128195
0
0
0
0
0
128196
0
0
0
0
0
128197
0
0
0
0
0
128198
0
0
0
0
0
128199
0
0
0
0
0
128200
0
0
0
0
0
128201
0
0
0
0
0
128202
0
0
0
0
0
128203
0
0
0
0
0
128204
0
0
0
0
0
128205
0
0
0
0
0
128206
0
0
0
0
0
128207
0
0
0
0
0
128208
0
0
0
0
0
128209
0
0
0
0
0
128210
0
0
0
0
0
128211
0
0
0
0
0
128212
0
0
0
0
0
128213
0
0
0
0
0
128214
0
0
0
0
0
128215
0
0
0
0
0
128216
0
0
0
0
0
128217
0
0
0
0
0
128218
0
0
0
0
0
128219
0
0
0
0
0
128220
0
0
0
0
0
128221
0
0
0
0
0
128222
0
0
0
0
0
128223
0
0
0
0
0
128224
0
0
0
0
0
128225
0
0
0
0
0
128226
0
0
0
0
0
128227
0
0
0
0
0
128228
0
0
0
0
0
128229
0
0
0
0
0
128230
0
0
0
0
0
128231
0
0
0
0
0
128232
0
0
0
0
0
128233
0
0
0
0
0
128234
0
0
0
0
0
128235
0
0
0
0
0
128236
0
0
0
0
0
128237
0
0
0
0
0
128238
0
0
0
0
0
128239
0
0
0
0
0
128240
0
0
0
0
0
128241
0
0
0
0
0
128242
0
0
0
0
0
128243
0
0
0
0
0
128244
0
0
0
0
0
128245
0
0
0
0
0
128246
0
0
0
0
0
128247
0
0
0
0
0
128248
0
0
0
0
0
128249
0
0
0
0
0
128250
0
0
0
0
0
128251
0
0
0
0
0
128252
0
0
0
0
0
128253
0
0
0
0
0
128255
0
0
0
0
0
128256
0
0
0
0
0
128257
0
0
0
0
0
128258
0
0
0
0
0
128259
0
0
0
0
0
128260
0
0
0
0
0
128261
0
0
0
0
0
128262
0
0
0
0
0
128263
0
0
0
0
0
128264
0
0
0
0
0
128265
0
0
0
0
0
128266
0
0
0
0
0
128267
0
0
0
0
0
128268
0
0
0
0
0
128269
0
0
0
0
0
128270
0
0
0
0
0
128271
0
0
0
0
0
128272
0
0
0
0
0
128273
0
0
0
0
0
128274
0
0
0
0
0
128275
0
0
0
0
0
128276
0
0
0
0
0
128277
0
0
0
0
0
128278
0
0
0
0
0
128279
0
0
0
0
0
128280
0
0
0
0
0
128281
0
0
0
0
0
128282
0
0
0
0
0
128283
0
0
0
0
0
128284
0
0
0
0
0
128285
0
0
0
0
0
128286
0
0
0
0
0
128287
0
0
0
0
0
128288
0
0
0
0
0
128289
0
0
0
0
0
128290
0
0
0
0
0
128291
0
0
0
0
0
128292
0
0
0
0
0
128293
0
0
0
0
0
128294
0
0
0
0
0
128295
0
0
0
0
0
128296
0
0
0
0
0
128297
0
0
0
0
0
128298
0
0
0
0
0
128299
0
0
0
0
0
128300
0
0
0
0
0
128301
0
0
0
0
0
128302
0
0
0
0
0
128303
0
0
0
0
0
128304
0
0
0
0
0
128305
0
0
0
0
0
128306
0
0
0
0
0
128307
0
0
0
0
0
128308
0
0
0
0
0
128309
0
0
0
0
0
128310
0
0
0
0
0
128311
0
0
0
0
0
128312
0
0
0
0
0
128313
0
0
0
0
0
128314
0
0
0
0
0
128315
0
0
0
0
0
128316
0
0
0
0
0
128317
0
0
0
0
0
128329
0
0
0
0
0
128330
0
0
0
0
0
128331
0
0
0
0
0
128332
0
0
0
0
0
128333
0
0
0
0
0
128334
0
0
0
0
0
128336
0
0
0
0
0
128337
0
0
0
0
0
128338
0
0
0
0
0
128339
0
0
0
0
0
128340
0
0
0
0
0
128341
0
0
0
0
0
128342
0
0
0
0
0
128343
0
0
0
0
0
128344
0
0
0
0
0
128345
0
0
0
0
0
128346
0
0
0
0
0
128347
0
0
0
0
0
128348
0
0
0
0
0
128349
0
0
0
0
0
128350
0
0
0
0
0
128351
0
0
0
0
0
128352
0
0
0
0
0
128353
0
0
0
0
0
128354
0
0
0
0
0
128355
0
0
0
0
0
128356
0
0
0
0
0
128357
0
0
0
0
0
128358
0
0
0
0
0
128359
0
0
0
0
0
128367
0
0
0
0
0
128368
0
0
0
0
0
128371
0
0
0
0
0
128372
0
0
0
0
0
128372
127995
0
0
0
0
128372
127996
0
0
0
0
128372
127997
0
0
0
0
128372
127998
0
0
0
0
128372
127999
0
0
0
0
128373
0
0
0
0
0
128373
127995
0
0
0
0
128373
127995
9792
0
0
0
128373
127995
9794
0
0
0
128373
127996
0
0
0
0
128373
127996
9792
0
0
0
128373
127996
9794
0
0
0
128373
127997
0
0
0
0
128373
127997
9792
0
0
0
128373
127997
9794
0
0
0
128373
127998
0
0
0
0
128373
127998
9792
0
0
0
128373
127998
9794
0
0
0
128373
127999
0
0
0
0
128373
127999
9792
0
0
0
128373
127999
9794
0
0
0
128373
9792
0
0
0
0
128373
9794
0
0
0
0
128374
0
0
0
0
0
128375
0
0
0
0
0
128376
0
0
0
0
0
128377
0
0
0
0
0
128378
0
0
0
0
0
128378
127995
0
0
0
0
128378
127996
0
0
0
0
128378
127997
0
0
0
0
128378
127998
0
0
0
0
128378
127999
0
0
0
0
128391
0
0
0
0
0
128394
0
0
0
0
0
128395
0
0
0
0
0
128396
0
0
0
0
0
128397
0
0
0
0
0
128400
0
0
0
0
0
128400
127995
0
0
0
0
128400
127996
0
0
0
0
128400
127997
0
0
0
0
128400
127998
0
0
0
0
128400
127999
0
0
0
0
128405
0
0
0
0
0
128405
127995
0
0
0
0
128405
127996
0
0
0
0
128405
127997
0
0
0
0
128405
127998
0
0
0
0
128405
127999
0
0
0
0
128406
0
0
0
0
0
128406
127995
0
0
0
0
128406
127996
0
0
0
0
128406
127997
0
0
0
0
128406
127998
0
0
0
0
128406
127999
0
0
0
0
128420
0
0
0
0
0
128421
0
0
0
0
0
128424
0
0
0
0
0
128433
0
0
0
0
0
128434
0
0
0
0
0
128444
0
0
0
0
0
128450
0
0
0
0
0
128451
0
0
0
0
0
128452
0
0
0
0
0
128465
0
0
0
0
0
128466
0
0
0
0
0
128467
0
0
0
0
0
128476
0
0
0
0
0
128477
0
0
0
0
0
128478
0
0
0
0
0
128481
0
0
0
0
0
128483
0
0
0
0
0
128488
0
0
0
0
0
128495
0
0
0
0
0
128499
0
0
0
0
0
128506
0
0
0
0
0
128507
0
0
0
0
0
128508
0
0
0
0
0
128509
0
0
0
0
0
128510
0
0
0
0
0
128511
0
0
0
0
0
128512
0
0
0
0
0
128513
0
0
0
0
0
128514
0
0
0
0
0
128515
0
0
0
0
0
128516
0
0
0
0
0
128517
0
0
0
0
0
128518
0
0
0
0
0
128519
0
0
0
0
0
128520
0
0
0
0
0
128521
0
0
0
0
0
128522
0
0
0
0
0
128523
0
0
0
0
0
128524
0
0
0
0
0
128525
0
0
0
0
0
128526
0
0
0
0
0
128527
0
0
0
0
0
128528
0
0
0
0
0
128529
0
0
0
0
0
128530
0
0
0
0
0
128531
0
0
0
0
0
128532
0
0
0
0
0
128533
0
0
0
0
0
128534
0
0
0
0
0
128535
0
0
0
0
0
128536
0
0
0
0
0
128537
0
0
0
0
0
128538
0
0
0
0
0
128539
0
0
0
0
0
128540
0
0
0
0
0
128541
0
0
0
0
0
128542
0
0
0
0
0
128543
0
0
0
0
0
128544
0
0
0
0
0
128545
0
0
0
0
0
128546
0
0
0
0
0
128547
0
0
0
0
0
128548
0
0
0
0
0
128549
0
0
0
0
0
128550
0
0
0
0
0
128551
0
0
0
0
0
128552
0
0
0
0
0
128553
0
0
0
0
0
128554
0
0
0
0
0
128555
0
0
0
0
0
128556
0
0
0
0
0
128557
0
0
0
0
0
128558
0
0
0
0
0
128558
128168
0
0
0
0
128559
0
0
0
0
0
128560
0
0
0
0
0
128561
0
0
0
0
0
128562
0
0
0
0
0
128563
0
0
0
0
0
128564
0
0
0
0
0
128565
0
0
0
0
0
128565
128171
0
0
0
0
128566
0
0
0
0
0
128566
127787
0
0
0
0
128567
0
0
0
0
0
128568
0
0
0
0
0
128569
0
0
0
0
0
128570
0
0
0
0
0
128571
0
0
0
0
0
128572
0
0
0
0
0
128573
0
0
0
0
0
128574
0
0
0
0
0
128575
0
0
0
0
0
128576
0
0
0
0
0
128577
0
0
0
0
0
128578
0
0
0
0
0
128578
8596
0
0
0
0
128578
8597
0
0
0
0
128579
0
0
0
0
0
128580
0
0
0
0
0
128581
0
0
0
0
0
128581
127995
0
0
0
0
128581
127995
9792
0
0
0
128581
127995
9794
0
0
0
128581
127996
0
0
0
0
128581
127996
9792
0
0
0
128581
127996
9794
0
0
0
128581
127997
0
0
0
0
128581
127997
9792
0
0
0
128581
127997
9794
0
0
0
128581
127998
0
0
0
0
128581
127998
9792
0
0
0
128581
127998
9794
0
0
0
128581
127999
0
0
0
0
128581
127999
9792
0
0
0
128581
127999
9794
0
0
0
128581
9792
0
0
0
0
128581
9794
0
0
0
0
128582
0
0
0
0
0
128582
127995
0
0
0
0
128582
127995
9792
0
0
0
128582
127995
9794
0
0
0
128582
127996
0
0
0
0
128582
127996
9792
0
0
0
128582
127996
9794
0
0
0
128582
127997
0
0
0
0
128582
127997
9792
0
0
0
128582
127997
9794
0
0
0
128582
127998
0
0
0
0
128582
127998
9792
0
0
0
128582
127998
9794
0
0
0
128582
127999
0
0
0
0
128582
127999
9792
0
0
0
128582
127999
9794
0
0
0
128582
9792
0
0
0
0
128582
9794
0
0
0
0
128583
0
0
0
0
0
128583
127995
0
0
0
0
128583
127995
9792
0
0
0
128583
127995
9794
0
0
0
128583
127996
0
0
0
0
128583
127996
9792
0
0
0
128583
127996
9794
0
0
0
128583
127997
0
0
0
0
128583
127997
9792
0
0
0
128583
127997
9794
0
0
0
128583
127998
0
0
0
0
128583
127998
9792
0
0
0
128583
127998
9794
0
0
0
128583
127999
0
0
0
0
128583
127999
9792
0
0
0
128583
127999
9794
0
0
0
128583
9792
0
0
0
0
128583
9794
0
0
0
0
128584
0
0
0
0
0
128585
0
0
0
0
0
128586
0
0
0
0
0
128587
0
0
0
0
0
128587
127995
0
0
0
0
128587
127995
9792
0
0
0
128587
127995
9794
0
0
0
128587
127996
0
0
0
0
128587
127996
9792
0
0
0
128587
127996
9794
0
0
0
128587
127997
0
0
0
0
128587
127997
9792
0
0
0
128587
127997
9794
0
0
0
128587
127998
0
0
0
0
128587
127998
9792
0
0
0
128587
127998
9794
0
0
0
128587
127999
0
0
0
0
128587
127999
9792
0
0
0
128587
127999
9794
0
0
0
128587
9792
0
0
0
0
128587
9794
0
0
0
0
128588
0
0
0
0
0
128588
127995
0
0
0
0
128588
127996
0
0
0
0
128588
127997
0
0
0
0
128588
127998
0
0
0
0
128588
127999
0
0
0
0
128589
0
0
0
0
0
128589
127995
0
0
0
0
128589
127995
9792
0
0
0
128589
127995
9794
0
0
0
128589
127996
0
0
0
0
128589
127996
9792
0
0
0
128589
127996
9794
0
0
0
128589
127997
0
0
0
0
128589
127997
9792
0
0
0
128589
127997
9794
0
0
0
128589
127998
0
0
0
0
128589
127998
9792
0
0
0
128589
127998
9794
0
0
0
128589
127999
0
0
0
0
128589
127999
9792
0
0
0
128589
127999
9794
0
0
0
128589
9792
0
0
0
0
128589
9794
0
0
0
0
128590
0
0
0
0
0
128590
127995
0
0
0
0
128590
127995
9792
0
0
0
128590
127995
9794
0
0
0
128590
127996
0
0
0
0
128590
127996
9792
0
0
0
128590
127996
9794
0
0
0
128590
127997
0
0
0
0
128590
127997
9792
0
0
0
128590
127997
9794
0
0
0
128590
127998
0
0
0
0
128590
127998
9792
0
0
0
128590
127998
9794
0
0
0
128590
127999
0
0
0
0
128590
127999
9792
0
0
0
128590
127999
9794
0
0
0
128590
9792
0
0
0
0
128590
9794
0
0
0
0
128591
0
0
0
0
0
128591
127995
0
0
0
0
128591
127996
0
0
0
0
128591
127997
0
0
0
0
128591
127998
0
0
0
0
128591
127999
0
0
0
0
128640
0
0
0
0
0
128641
0
0
0
0
0
128642
0
0
0
0
0
128643
0
0
0
0
0
128644
0
0
0
0
0
128645
0
0
0
0
0
128646
0
0
0
0
0
128647
0
0
0
0
0
128648
0
0
0
0
0
128649
0
0
0
0
0
128650
0
0
0
0
0
128651
0
0
0
0
0
128652
0
0
0
0
0
128653
0
0
0
0
0
128654
0
0
0
0
0
128655
0
0
0
0
0
128656
0
0
0
0
0
128657
0
0
0
0
0
128658
0
0
0
0
0
128659
0
0
0
0
0
128660
0
0
0
0
0
128661
0
0
0
0
0
128662
0
0
0
0
0
128663
0
0
0
0
0
128664
0
0
0
0
0
128665
0
0
0
0
0
128666
0
0
0
0
0
128667
0
0
0
0
0
128668
0
0
0
0
0
128669
0
0
0
0
0
128670
0
0
0
0
0
128671
0
0
0
0
0
128672
0
0
0
0
0
128673
0
0
0
0
0
128674
0
0
0
0
0
128675
0
0
0
0
0
128675
127995
0
0
0
0
128675
127995
9792
0
0
0
128675
127995
9794
0
0
0
128675
127996
0
0
0
0
128675
127996
9792
0
0
0
128675
127996
9794
0
0
0
128675
127997
0
0
0
0
128675
127997
9792
0
0
0
128675
127997
9794
0
0
0
128675
127998
0
0
0
0
128675
127998
9792
0
0
0
128675
127998
9794
0
0
0
128675
127999
0
0
0
0
128675
127999
9792
0
0
0
128675
127999
9794
0
0
0
128675
9792
0
0
0
0
128675
9794
0
0
0
0
128676
0
0
0
0
0
128677
0
0
0
0
0
128678
0
0
0
0
0
128679
0
0
0
0
0
128680
0
0
0
0
0
128681
0
0
0
0
0
128682
0
0
0
0
0
128683
0
0
0
0
0
128684
0
0
0
0
0
128685
0
0
0
0
0
128686
0
0
0
0
0
128687
0
0
0
0
0
128688
0
0
0
0
0
128689
0
0
0
0
0
128690
0
0
0
0
0
128691
0
0
0
0
0
128692
0
0
0
0
0
128692
127995
0
0
0
0
128692
127995
9792
0
0
0
128692
127995
9794
0
0
0
128692
127996
0
0
0
0
128692
127996
9792
0
0
0
128692
127996
9794
0
0
0
128692
127997
0
0
0
0
128692
127997
9792
0
0
0
128692
127997
9794
0
0
0
128692
127998
0
0
0
0
128692
127998
9792
0
0
0
128692
127998
9794
0
0
0
128692
127999
0
0
0
0
128692
127999
9792
0
0
0
128692
127999
9794
0
0
0
128692
9792
0
0
0
0
128692
9794
0
0
0
0
128693
0
0
0
0
0
128693
127995
0
0
0
0
128693
127995
9792
0
0
0
128693
127995
9794
0
0
0
128693
127996
0
0
0
0
128693
127996
9792
0
0
0
128693
127996
9794
0
0
0
128693
127997
0
0
0
0
128693
127997
9792
0
0
0
128693
127997
9794
0
0
0
128693
127998
0
0
0
0
128693
127998
9792
0
0
0
128693
127998
9794
0
0
0
128693
127999
0
0
0
0
128693
127999
9792
0
0
0
128693
127999
9794
0
0
0
128693
9792
0
0
0
0
128693
9794
0
0
0
0
128694
0
0
0
0
0
128694
127995
0
0
0
0
128694
127995
9792
0
0
0
128694
127995
9792
10145
0
0
128694
127995
9794
0
0
0
128694
127995
9794
10145
0
0
128694
127995
10145
0
0
0
128694
127996
0
0
0
0
128694
127996
9792
0
0
0
128694
127996
9792
10145
0
0
128694
127996
9794
0
0
0
128694
127996
9794
10145
0
0
128694
127996
10145
0
0
0
128694
127997
0
0
0
0
128694
127997
9792
0
0
0
128694
127997
9792
10145
0
0
128694
127997
9794
0
0
0
128694
127997
9794
10145
0
0
128694
127997
10145
0
0
0
128694
127998
0
0
0
0
128694
127998
9792
0
0
0
128694
127998
9792
10145
0
0
128694
127998
9794
0
0
0
128694
127998
9794
10145
0
0
128694
127998
10145
0
0
0
128694
127999
0
0
0
0
128694
127999
9792
0
0
0
128694
127999
9792
10145
0
0
128694
127999
9794
0
0
0
128694
127999
9794
10145
0
0
128694
127999
10145
0
0
0
128694
9792
0
0
0
0
128694
9792
10145
0
0
0
128694
9794
0
0
0
0
128694
9794
10145
0
0
0
128694
10145
0
0
0
0
128695
0
0
0
0
0
128696
0
0
0
0
0
128697
0
0
0
0
0
128698
0
0
0
0
0
128699
0
0
0
0
0
128700
0
0
0
0
0
128701
0
0
0
0
0
128702
0
0
0
0
0
128703
0
0
0
0
0
128704
0
0
0
0
0
128704
127995
0
0
0
0
128704
127996
0
0
0
0
128704
127997
0
0
0
0
128704
127998
0
0
0
0
128704
127999
0
0
0
0
128705
0
0
0
0
0
128706
0
0
0
0
0
128707
0
0
0
0
0
128708
0
0
0
0
0
128709
0
0
0
0
0
128715
0
0
0
0
0
128716
0
0
0
0
0
128716
127995
0
0
0
0
128716
127996
0
0
0
0
128716
127997
0
0
0
0
128716
127998
0
0
0
0
128716
127999
0
0
0
0
128717
0
0
0
0
0
128718
0
0
0
0
0
128719
0
0
0
0
0
128720
0
0
0
0
0
128721
0
0
0
0
0
128722
0
0
0
0
0
128725
0
0
0
0
0
128726
0
0
0
0
0
128727
0
0
0
0
0
128732
0
0
0
0
0
128733
0
0
0
0
0
128734
0
0
0
0
0
128735
0
0
0
0
0
128736
0
0
0
0
0
128737
0
0
0
0
0
128738
0
0
0
0
0
128739
0
0
0
0
0
128740
0
0
0
0
0
128741
0
0
0
0
0
128745
0
0
0
0
0
128747
0
0
0
0
0
128748
0
0
0
0
0
128752
0
0
0
0
0
128755
0
0
0
0
0
128756
0
0
0
0
0
128757
0
0
0
0
0
128758
0
0
0
0
0
128759
0
0
0
0
0
128760
0
0
0
0
0
128761
0
0
0
0
0
128762
0
0
0
0
0
128763
0
0
0
0
0
128764
0
0
0
0
0
128992
0
0
0
0
0
128993
0
0
0
0
0
128994
0
0
0
0
0
128995
0
0
0
0
0
128996
0
0
0
0
0
128997
0
0
0
0
0
128998
0
0
0
0
0
128999
0
0
0
0
0
129000
0
0
0
0
0
129001
0
0
0
0
0
129002
0
0
0
0
0
129003
0
0
0
0
0
129008
0
0
0
0
0
129292
0
0
0
0
0
129292
127995
0
0
0
0
129292
127996
0
0
0
0
129292
127997
0
0
0
0
129292
127998
0
0
0
0
129292
127999
0
0
0
0
129293
0
0
0
0
0
129294
0
0
0
0
0
129295
0
0
0
0
0
129295
127995
0
0
0
0
129295
127996
0
0
0
0
129295
127997
0
0
0
0
129295
127998
0
0
0
0
129295
127999
0
0
0
0
129296
0
0
0
0
0
129297
0
0
0
0
0
129298
0
0
0
0
0
129299
0
0
0
0
0
129300
0
0
0
0
0
129301
0
0
0
0
0
129302
0
0
0
0
0
129303
0
0
0
0
0
129304
0
0
0
0
0
129304
127995
0
0
0
0
129304
127996
0
0
0
0
129304
127997
0
0
0
0
129304
127998
0
0
0
0
129304
127999
0
0
0
0
129305
0
0
0
0
0
129305
127995
0
0
0
0
129305
127996
0
0
0
0
129305
127997
0
0
0
0
129305
127998
0
0
0
0
129305
127999
0
0
0
0
129306
0
0
0
0
0
129306
127995
0
0
0
0
129306
127996
0
0
0
0
129306
127997
0
0
0
0
129306
127998
0
0
0
0
129306
127999
0
0
0
0
129307
0
0
0
0
0
129307
127995
0
0
0
0
129307
127996
0
0
0
0
129307
127997
0
0
0
0
129307
127998
0
0
0
0
129307
127999
0
0
0
0
129308
0
0
0
0
0
129308
127995
0
0
0
0
129308
127996
0
0
0
0
129308
127997
0
0
0
0
129308
127998
0
0
0
0
129308
127999
0
0
0
0
129309
0
0
0
0
0
129309
127995
0
0
0
0
129309
127996
0
0
0
0
129309
127997
0
0
0
0
129309
127998
0
0
0
0
129309
127999
0
0
0
0
129310
0
0
0
0
0
129310
127995
0
0
0
0
129310
127996
0
0
0
0
129310
127997
0
0
0
0
129310
127998
0
0
0
0
129310
127999
0
0
0
0
129311
0
0
0
0
0
129311
127995
0
0
0
0
129311
127996
0
0
0
0
129311
127997
0
0
0
0
129311
127998
0
0
0
0
129311
127999
0
0
0
0
129312
0
0
0
0
0
129313
0
0
0
0
0
129314
0
0
0
0
0
129315
0
0
0
0
0
129316
0
0
0
0
0
129317
0
0
0
0
0
129318
0
0
0
0
0
129318
127995
0
0
0
0
129318
127995
9792
0
0
0
129318
127995
9794
0
0
0
129318
127996
0
0
0
0
129318
127996
9792
0
0
0
129318
127996
9794
0
0
0
129318
127997
0
0
0
0
129318
127997
9792
0
0
0
129318
127997
9794
0
0
0
129318
127998
0
0
0
0
129318
127998
9792
0
0
0
129318
127998
9794
0
0
0
129318
127999
0
0
0
0
129318
127999
9792
0
0
0
129318
127999
9794
0
0
0
129318
9792
0
0
0
0
129318
9794
0
0
0
0
129319
0
0
0
0
0
129320
0
0
0
0
0
129321
0
0
0
0
0
129322
0
0
0
0
0
129323
0
0
0
0
0
129324
0
0
0
0
0
129325
0
0
0
0
0
129326
0
0
0
0
0
129327
0
0
0
0
0
129328
0
0
0
0
0
129328
127995
0
0
0
0
129328
127996
0
0
0
0
129328
127997
0
0
0
0
129328
127998
0
0
0
0
129328
127999
0
0
0
0
129329
0
0
0
0
0
129329
127995
0
0
0
0
129329
127996
0
0
0
0
129329
127997
0
0
0
0
129329
127998
0
0
0
0
129329
127999
0
0
0
0
129330
0
0
0
0
0
129330
127995
0
0
0
0
129330
127996
0
0
0
0
129330
127997
0
0
0
0
129330
127998
0
0
0
0
129330
127999
0
0
0
0
129331
0
0
0
0
0
129331
127995
0
0
0
0
129331
127996
0
0
0
0
129331
127997
0
0
0
0
129331
127998
0
0
0
0
129331
127999
0
0
0
0
129332
0
0
0
0
0
129332
127995
0
0
0
0
129332
127996
0
0
0
0
129332
127997
0
0
0
0
129332
127998
0
0
0
0
129332
127999
0
0
0
0
129333
0
0
0
0
0
129333
127995
0
0
0
0
129333
127995
9792
0
0
0
129333
127995
9794
0
0
0
129333
127996
0
0
0
0
129333
127996
9792
0
0
0
129333
127996
9794
0
0
0
129333
127997
0
0
0
0
129333
127997
9792
0
0
0
129333
127997
9794
0
0
0
129333
127998
0
0
0
0
129333
127998
9792
0
0
0
129333
127998
9794
0
0
0
129333
127999
0
0
0
0
129333
127999
9792
0
0
0
129333
127999
9794
0
0
0
129333
9792
0
0
0
0
129333
9794
0
0
0
0
129334
0
0
0
0
0
129334
127995
0
0
0
0
129334
127996
0
0
0
0
129334
127997
0
0
0
0
129334
127998
0
0
0
0
129334
127999
0
0
0
0
129335
0
0
0
0
0
129335
127995
0
0
0
0
129335
127995
9792
0
0
0
129335
127995
9794
0
0
0
129335
127996
0
0
0
0
129335
127996
9792
0
0
0
129335
127996
9794
0
0
0
129335
127997
0
0
0
0
129335
127997
9792
0
0
0
129335
127997
9794
0
0
0
129335
127998
0
0
0
0
129335
127998
9792
0
0
0
129335
127998
9794
0
0
0
129335
127999
0
0
0
0
129335
127999
9792
0
0
0
129335
127999
9794
0
0
0
129335
9792
0
0
0
0
129335
9794
0
0
0
0
129336
0
0
0
0
0
129336
127995
0
0
0
0
129336
127995
9792
0
0
0
129336
127995
9794
0
0
0
129336
127996
0
0
0
0
129336
127996
9792
0
0
0
129336
127996
9794
0
0
0
129336
127997
0
0
0
0
129336
127997
9792
0
0
0
129336
127997
9794
0
0
0
129336
127998
0
0
0
0
129336
127998
9792
0
0
0
129336
127998
9794
0
0
0
129336
127999
0
0
0
0
129336
127999
9792
0
0
0
129336
127999
9794
0
0
0
129336
9792
0
0
0
0
129336
9794
0
0
0
0
129337
0
0
0
0
0
129337
127995
0
0
0
0
129337
127995
9792
0
0
0
129337
127995
9794
0
0
0
129337
127996
0
0
0
0
129337
127996
9792
0
0
0
129337
127996
9794
0
0
0
129337
127997
0
0
0
0
129337
127997
9792
0
0
0
129337
127997
9794
0
0
0
129337
127998
0
0
0
0
129337
127998
9792
0
0
0
129337
127998
9794
0
0
0
129337
127999
0
0
0
0
129337
127999
9792
0
0
0
129337
127999
9794
0
0
0
129337
9792
0
0
0
0
129337
9794
0
0
0
0
129338
0
0
0
0
0
129340
0
0
0
0
0
129340
127995
0
0
0
0
129340
127995
9792
0
0
0
129340
127995
9794
0
0
0
129340
127996
0
0
0
0
129340
127996
9792
0
0
0
129340
127996
9794
0
0
0
129340
127997
0
0
0
0
129340
127997
9792
0
0
0
129340
127997
9794
0
0
0
129340
127998
0
0
0
0
129340
127998
9792
0
0
0
129340
127998
9794
0
0
0
129340
127999
0
0
0
0
129340
127999
9792
0
0
0
129340
127999
9794
0
0
0
129340
9792
0
0
0
0
129340
9794
0
0
0
0
129341
0
0
0
0
0
129341
127995
0
0
0
0
129341
127995
9792
0
0
0
129341
127995
9794
0
0
0
129341
127996
0
0
0
0
129341
127996
9792
0
0
0
129341
127996
9794
0
0
0
129341
127997
0
0
0
0
129341
127997
9792
0
0
0
129341
127997
9794
0
0
0
129341
127998
0
0
0
0
129341
127998
9792
0
0
0
129341
127998
9794
0
0
0
129341
127999
0
0
0
0
129341
127999
9792
0
0
0
129341
127999
9794
0
0
0
129341
9792
0
0
0
0
129341
9794
0
0
0
0
129342
0
0
0
0
0
129342
127995
0
0
0
0
129342
127995
9792
0
0
0
129342
127995
9794
0
0
0
129342
127996
0
0
0
0
129342
127996
9792
0
0
0
129342
127996
9794
0
0
0
129342
127997
0
0
0
0
129342
127997
9792
0
0
0
129342
127997
9794
0
0
0
129342
127998
0
0
0
0
129342
127998
9792
0
0
0
129342
127998
9794
0
0
0
129342
127999
0
0
0
0
129342
127999
9792
0
0
0
129342
127999
9794
0
0
0
129342
9792
0
0
0
0
129342
9794
0
0
0
0
129343
0
0
0
0
0
129344
0
0
0
0
0
129345
0
0
0
0
0
129346
0
0
0
0
0
129347
0
0
0
0
0
129348
0
0
0
0
0
129349
0
0
0
0
0
129351
0
0
0
0
0
129352
0
0
0
0
0
129353
0
0
0
0
0
129354
0
0
0
0
0
129355
0
0
0
0
0
129356
0
0
0
0
0
129357
0
0
0
0
0
129358
0
0
0
0
0
129359
0
0
0
0
0
129360
0
0
0
0
0
129361
0
0
0
0
0
129362
0
0
0
0
0
129363
0
0
0
0
0
129364
0
0
0
0
0
129365
0
0
0
0
0
129366
0
0
0
0
0
129367
0
0
0
0
0
129368
0
0
0
0
0
129369
0
0
0
0
0
129370
0
0
0
0
0
129371
0
0
0
0
0
129372
0
0
0
0
0
129373
0
0
0
0
0
129374
0
0
0
0
0
129375
0
0
0
0
0
129376
0
0
0
0
0
129377
0
0
0
0
0
129378
0
0
0
0
0
129379
0
0
0
0
0
129380
0
0
0
0
0
129381
0
0
0
0
0
129382
0
0
0
0
0
129383
0
0
0
0
0
129384
0
0
0
0
0
129385
0
0
0
0
0
129386
0
0
0
0
0
129387
0
0
0
0
0
129388
0
0
0
0
0
129389
0
0
0
0
0
129390
0
0
0
0
0
129391
0
0
0
0
0
129392
0
0
0
0
0
129393
0
0
0
0
0
129394
0
0
0
0
0
129395
0
0
0
0
0
129396
0
0
0
0
0
129397
0
0
0
0
0
129398
0
0
0
0
0
129399
0
0
0
0
0
129399
127995
0
0
0
0
129399
127996
0
0
0
0
129399
127997
0
0
0
0
129399
127998
0
0
0
0
129399
127999
0
0
0
0
129400
0
0
0
0
0
129401
0
0
0
0
0
129402
0
0
0
0
0
129403
0
0
0
0
0
129404
0
0
0
0
0
129405
0
0
0
0
0
129406
0
0
0
0
0
129407
0
0
0
0
0
129408
0
0
0
0
0
129409
0
0
0
0
0
129410
0
0
0
0
0
129411
0
0
0
0
0
129412
0
0
0
0
0
129413
0
0
0
0
0
129414
0
0
0
0
0
129415
0
0
0
0
0
129416
0
0
0
0
0
129417
0
0
0
0
0
129418
0
0
0
0
0
129419
0
0
0
0
0
129420
0
0
0
0
0
129421
0
0
0
0
0
129422
0
0
0
0
0
129423
0
0
0
0
0
129424
0
0
0
0
0
129425
0
0
0
0
0
129426
0
0
0
0
0
129427
0
0
0
0
0
129428
0
0
0
0
0
129429
0
0
0
0
0
129430
0
0
0
0
0
129431
0
0
0
0
0
129432
0
0
0
0
0
129433
0
0
0
0
0
129434
0
0
0
0
0
129435
0
0
0
0
0
129436
0
0
0
0
0
129437
0
0
0
0
0
129438
0
0
0
0
0
129439
0
0
0
0
0
129440
0
0
0
0
0
129441
0
0
0
0
0
129442
0
0
0
0
0
129443
0
0
0
0
0
129444
0
0
0
0
0
129445
0
0
0
0
0
129446
0
0
0
0
0
129447
0
0
0
0
0
129448
0
0
0
0
0
129449
0
0
0
0
0
129450
0
0
0
0
0
129451
0
0
0
0
0
129452
0
0
0
0
0
129453
0
0
0
0
0
129454
0
0
0
0
0
129455
0
0
0
0
0
129456
0
0
0
0
0
129457
0
0
0
0
0
129458
0
0
0
0
0
129459
0
0
0
0
0
129460
0
0
0
0
0
129461
0
0
0
0
0
129461
127995
0
0
0
0
129461
127996
0
0
0
0
129461
127997
0
0
0
0
129461
127998
0
0
0
0
129461
127999
0
0
0
0
129462
0
0
0
0
0
129462
127995
0
0
0
0
129462
127996
0
0
0
0
129462
127997
0
0
0
0
129462
127998
0
0
0
0
129462
127999
0
0
0
0
129463
0
0
0
0
0
129464
0
0
0
0
0
129464
127995
0
0
0
0
129464
127995
9792
0
0
0
129464
127995
9794
0
0
0
129464
127996
0
0
0
0
129464
127996
9792
0
0
0
129464
127996
9794
0
0
0
129464
127997
0
0
0
0
129464
127997
9792
0
0
0
129464
127997
9794
0
0
0
129464
127998
0
0
0
0
129464
127998
9792
0
0
0
129464
127998
9794
0
0
0
129464
127999
0
0
0
0
129464
127999
9792
0
0
0
129464
127999
9794
0
0
0
129464
9792
0
0
0
0
129464
9794
0
0
0
0
129465
0
0
0
0
0
129465
127995
0
0
0
0
129465
127995
9792
0
0
0
129465
127995
9794
0
0
0
129465
127996
0
0
0
0
129465
127996
9792
0
0
0
129465
127996
9794
0
0
0
129465
127997
0
0
0
0
129465
127997
9792
0
0
0
129465
127997
9794
0
0
0
129465
127998
0
0
0
0
129465
127998
9792
0
0
0
129465
127998
9794
0
0
0
129465
127999
0
0
0
0
129465
127999
9792
0
0
0
129465
127999
9794
0
0
0
129465
9792
0
0
0
0
129465
9794
0
0
0
0
129466
0
0
0
0
0
129467
0
0
0
0
0
129467
127995
0
0
0
0
129467
127996
0
0
0
0
129467
127997
0
0
0
0
129467
127998
0
0
0
0
129467
127999
0
0
0
0
129468
0
0
0
0
0
129469
0
0
0
0
0
129470
0
0
0
0
0
129471
0
0
0
0
0
129472
0
0
0
0
0
129473
0
0
0
0
0
129474
0
0
0
0
0
129475
0
0
0
0
0
129476
0
0
0
0
0
129477
0
0
0
0
0
129478
0
0
0
0
0
129479
0
0
0
0
0
129480
0
0
0
0
0
129481
0
0
0
0
0
129482
0
0
0
0
0
129483
0
0
0
0
0
129484
0
0
0
0
0
129485
0
0
0
0
0
129485
127995
0
0
0
0
129485
127995
9792
0
0
0
129485
127995
9794
0
0
0
129485
127996
0
0
0
0
129485
127996
9792
0
0
0
129485
127996
9794
0
0
0
129485
127997
0
0
0
0
129485
127997
9792
0
0
0
129485
127997
9794
0
0
0
129485
127998
0
0
0
0
129485
127998
9792
0
0
0
129485
127998
9794
0
0
0
129485
127999
0
0
0
0
129485
127999
9792
0
0
0
129485
127999
9794
0
0
0
129485
9792
0
0
0
0
129485
9794
0
0
0
0
129486
0
0
0
0
0
129486
127995
0
0
0
0
129486
127995
9792
0
0
0
129486
127995
9792
10145
0
0
129486
127995
9794
0
0
0
129486
127995
9794
10145
0
0
129486
127995
10145
0
0
0
129486
127996
0
0
0
0
129486
127996
9792
0
0
0
129486
127996
9792
10145
0
0
129486
127996
9794
0
0
0
129486
127996
9794
10145
0
0
129486
127996
10145
0
0
0
129486
127997
0
0
0
0
129486
127997
9792
0
0
0
129486
127997
9792
10145
0
0
129486
127997
9794
0
0
0
129486
127997
9794
10145
0
0
129486
127997
10145
0
0
0
129486
127998
0
0
0
0
129486
127998
9792
0
0
0
129486
127998
9792
10145
0
0
129486
127998
9794
0
0
0
129486
127998
9794
10145
0
0
129486
127998
10145
0
0
0
129486
127999
0
0
0
0
129486
127999
9792
0
0
0
129486
127999
9792
10145
0
0
129486
127999
9794
0
0
0
129486
127999
9794
10145
0
0
129486
127999
10145
0
0
0
129486
9792
0
0
0
0
129486
9792
10145
0
0
0
129486
9794
0
0
0
0
129486
9794
10145
0
0
0
129486
10145
0
0
0
0
129487
0
0
0
0
0
129487
127995
0
0
0
0
129487
127995
9792
0
0
0
129487
127995
9794
0
0
0
129487
127996
0
0
0
0
129487
127996
9792
0
0
0
129487
127996
9794
0
0
0
129487
127997
0
0
0
0
129487
127997
9792
0
0
0
129487
127997
9794
0
0
0
129487
127998
0
0
0
0
129487
127998
9792
0
0
0
129487
127998
9794
0
0
0
129487
127999
0
0
0
0
129487
127999
9792
0
0
0
129487
127999
9794
0
0
0
129487
9792
0
0
0
0
129487
9794
0
0
0
0
129488
0
0
0
0
0
129489
0
0
0
0
0
129489
127995
0
0
0
0
129489
127995
127806
0
0
0
129489
127995
127859
0
0
0
129489
127995
127868
0
0
0
129489
127995
127876
0
0
0
129489
127995
127891
0
0
0
129489
127995
127908
0
0
0
129489
127995
127912
0
0
0
129489
127995
127979
0
0
0
129489
127995
127981
0
0
0
129489
127995
128187
0
0
0
129489
127995
128188
0
0
0
129489
127995
128295
0
0
0
129489
127995
128300
0
0
0
129489
127995
128640
0
0
0
129489
127995
128658
0
0
0
129489
127995
129309
129489
127995
0
129489
127995
129309
129489
127996
0
129489
127995
129309
129489
127997
0
129489
127995
129309
129489
127998
0
129489
127995
129309
129489
127999
0
129489
127995
129455
0
0
0
129489
127995
129455
10145
0
0
129489
127995
129456
0
0
0
129489
127995
129457
0
0
0
129489
127995
129458
0
0
0
129489
127995
129459
0
0
0
129489
127995
129468
0
0
0
129489
127995
129468
10145
0
0
129489
127995
129469
0
0
0
129489
127995
129469
10145
0
0
129489
127995
9877
0
0
0
129489
127995
9878
0
0
0
129489
127995
9992
0
0
0
129489
127995
10084
128139
129489
127996
129489
127995
10084
128139
129489
127997
129489
127995
10084
128139
129489
127998
129489
127995
10084
128139
129489
127999
129489
127995
10084
129489
127996
0
129489
127995
10084
129489
127997
0
129489
127995
10084
129489
127998
0
129489
127995
10084
129489
127999
0
129489
127996
0
0
0
0
129489
127996
127806
0
0
0
129489
127996
127859
0
0
0
129489
127996
127868
0
0
0
129489
127996
127876
0
0
0
129489
127996
127891
0
0
0
129489
127996
127908
0
0
0
129489
127996
127912
0
0
0
129489
127996
127979
0
0
0
129489
127996
127981
0
0
0
129489
127996
128187
0
0
0
129489
127996
128188
0
0
0
129489
127996
128295
0
0
0
129489
127996
128300
0
0
0
129489
127996
128640
0
0
0
129489
127996
128658
0
0
0
129489
127996
129309
129489
127995
0
129489
127996
129309
129489
127996
0
129489
127996
129309
129489
127997
0
129489
127996
129309
129489
127998
0
129489
127996
129309
129489
127999
0
129489
127996
129455
0
0
0
129489
127996
129455
10145
0
0
129489
127996
129456
0
0
0
129489
127996
129457
0
0
0
129489
127996
129458
0
0
0
129489
127996
129459
0
0
0
129489
127996
129468
0
0
0
129489
127996
129468
10145
0
0
129489
127996
129469
0
0
0
129489
127996
129469
10145
0
0
129489
127996
9877
0
0
0
129489
127996
9878
0
0
0
129489
127996
9992
0
0
0
129489
127996
10084
128139
129489
127995
129489
127996
10084
128139
129489
127997
129489
127996
10084
128139
129489
127998
129489
127996
10084
128139
129489
127999
129489
127996
10084
129489
127995
0
129489
127996
10084
129489
127997
0
129489
127996
10084
129489
127998
0
129489
127996
10084
129489
127999
0
129489
127997
0
0
0
0
129489
127997
127806
0
0
0
129489
127997
127859
0
0
0
129489
127997
127868
0
0
0
129489
127997
127876
0
0
0
129489
127997
127891
0
0
0
129489
127997
127908
0
0
0
129489
127997
127912
0
0
0
129489
127997
127979
0
0
0
129489
127997
127981
0
0
0
129489
127997
128187
0
0
0
129489
127997
128188
0
0
0
129489
127997
128295
0
0
0
129489
127997
128300
0
0
0
129489
127997
128640
0
0
0
129489
127997
128658
0
0
0
129489
127997
129309
129489
127995
0
129489
127997
129309
129489
127996
0
129489
127997
129309
129489
127997
0
129489
127997
129309
129489
127998
0
129489
127997
129309
129489
127999
0
129489
127997
129455
0
0
0
129489
127997
129455
10145
0
0
129489
127997
129456
0
0
0
129489
127997
129457
0
0
0
129489
127997
129458
0
0
0
129489
127997
129459
0
0
0
129489
127997
129468
0
0
0
129489
127997
129468
10145
0
0
129489
127997
129469
0
0
0
129489
127997
129469
10145
0
0
129489
127997
9877
0
0
0
129489
127997
9878
0
0
0
129489
127997
9992
0
0
0
129489
127997
10084
128139
129489
127995
129489
127997
10084
128139
129489
127996
129489
127997
10084
128139
129489
127998
129489
127997
10084
128139
129489
127999
129489
127997
10084
129489
127995
0
129489
127997
10084
129489
127996
0
129489
127997
10084
129489
127998
0
129489
127997
10084
129489
127999
0
129489
127998
0
0
0
0
129489
127998
127806
0
0
0
129489
127998
127859
0
0
0
129489
127998
127868
0
0
0
129489
127998
127876
0
0
0
129489
127998
127891
0
0
0
129489
127998
127908
0
0
0
129489
127998
127912
0
0
0
129489
127998
127979
0
0
0
129489
127998
127981
0
0
0
129489
127998
128187
0
0
0
129489
127998
128188
0
0
0
129489
127998
128295
0
0
0
129489
127998
128300
0
0
0
129489
127998
128640
0
0
0
129489
127998
128658
0
0
0
129489
127998
129309
129489
127995
0
129489
127998
129309
129489
127996
0
129489
127998
129309
129489
127997
0
129489
127998
129309
129489
127998
0
129489
127998
129309
129489
127999
0
129489
127998
129455
0
0
0
129489
127998
129455
10145
0
0
129489
127998
129456
0
0
0
129489
127998
129457
0
0
0
129489
127998
129458
0
0
0
129489
127998
129459
0
0
0
129489
127998
129468
0
0
0
129489
127998
129468
10145
0
0
129489
127998
129469
0
0
0
129489
127998
129469
10145
0
0
129489
127998
9877
0
0
0
129489
127998
9878
0
0
0
129489
127998
9992
0
0
0
129489
127998
10084
128139
129489
127995
129489
127998
10084
128139
129489
127996
129489
127998
10084
128139
129489
127997
129489
127998
10084
128139
129489
127999
129489
127998
10084
129489
127995
0
129489
127998
10084
129489
127996
0
129489
127998
10084
129489
127997
0
129489
127998
10084
129489
127999
0
129489
127999
0
0
0
0
129489
127999
127806
0
0
0
129489
127999
127859
0
0
0
129489
127999
127868
0
0
0
129489
127999
127876
0
0
0
129489
127999
127891
0
0
0
129489
127999
127908
0
0
0
129489
127999
127912
0
0
0
129489
127999
127979
0
0
0
129489
127999
127981
0
0
0
129489
127999
128187
0
0
0
129489
127999
128188
0
0
0
129489
127999
128295
0
0
0
129489
127999
128300
0
0
0
129489
127999
128640
0
0
0
129489
127999
128658
0
0
0
129489
127999
129309
129489
127995
0
129489
127999
129309
129489
127996
0
129489
127999
129309
129489
127997
0
129489
127999
129309
129489
127998
0
129489
127999
129309
129489
127999
0
129489
127999
129455
0
0
0
129489
127999
129455
10145
0
0
129489
127999
129456
0
0
0
129489
127999
129457
0
0
0
129489
127999
129458
0
0
0
129489
127999
129459
0
0
0
129489
127999
129468
0
0
0
129489
127999
129468
10145
0
0
129489
127999
129469
0
0
0
129489
127999
129469
10145
0
0
129489
127999
9877
0
0
0
129489
127999
9878
0
0
0
129489
127999
9992
0
0
0
129489
127999
10084
128139
129489
127995
129489
127999
10084
128139
129489
127996
129489
127999
10084
128139
129489
127997
129489
127999
10084
128139
129489
127998
129489
127999
10084
129489
127995
0
129489
127999
10084
129489
127996
0
129489
127999
10084
129489
127997
0
129489
127999
10084
129489
127998
0
129489
127806
0
0
0
0
129489
127859
0
0
0
0
129489
127868
0
0
0
0
129489
127876
0
0
0
0
129489
127891
0
0
0
0
129489
127908
0
0
0
0
129489
127912
0
0
0
0
129489
127979
0
0
0
0
129489
127981
0
0
0
0
129489
128187
0
0
0
0
129489
128188
0
0
0
0
129489
128295
0
0
0
0
129489
128300
0
0
0
0
129489
128640
0
0
0
0
129489
128658
0
0
0
0
129489
129309
129489
0
0
0
129489
129455
0
0
0
0
129489
129455
10145
0
0
0
129489
129456
0
0
0
0
129489
129457
0
0
0
0
129489
129458
0
0
0
0
129489
129459
0
0
0
0
129489
129468
0
0
0
0
129489
129468
10145
0
0
0
129489
129469
0
0
0
0
129489
129469
10145
0
0
0
129489
129489
129490
0
0
0
129489
129489
129490
129490
0
0
129489
129490
0
0
0
0
129489
129490
129490
0
0
0
129489
9877
0
0
0
0
129489
9878
0
0
0
0
129489
9992
0
0
0
0
129490
0
0
0
0
0
129490
127995
0
0
0
0
129490
127996
0
0
0
0
129490
127997
0
0
0
0
129490
127998
0
0
0
0
129490
127999
0
0
0
0
129491
0
0
0
0
0
129491
127995
0
0
0
0
129491
127996
0
0
0
0
129491
127997
0
0
0
0
129491
127998
0
0
0
0
129491
127999
0
0
0
0
129492
0
0
0
0
0
129492
127995
0
0
0
0
129492
127995
9792
0
0
0
129492
127995
9794
0
0
0
129492
127996
0
0
0
0
129492
127996
9792
0
0
0
129492
127996
9794
0
0
0
129492
127997
0
0
0
0
129492
127997
9792
0
0
0
129492
127997
9794
0
0
0
129492
127998
0
0
0
0
129492
127998
9792
0
0
0
129492
127998
9794
0
0
0
129492
127999
0
0
0
0
129492
127999
9792
0
0
0
129492
127999
9794
0
0
0
129492
9792
0
0
0
0
129492
9794
0
0
0
0
129493
0
0
0
0
0
129493
127995
0
0
0
0
129493
127996
0
0
0
0
129493
127997
0
0
0
0
129493
127998
0
0
0
0
129493
127999
0
0
0
0
129494
0
0
0
0
0
129494
127995
0
0
0
0
129494
127995
9792
0
0
0
129494
127995
9794
0
0
0
129494
127996
0
0
0
0
129494
127996
9792
0
0
0
129494
127996
9794
0
0
0
129494
127997
0
0
0
0
129494
127997
9792
0
0
0
129494
127997
9794
0
0
0
129494
127998
0
0
0
0
129494
127998
9792
0
0
0
129494
127998
9794
0
0
0
129494
127999
0
0
0
0
129494
127999
9792
0
0
0
129494
127999
9794
0
0
0
129494
9792
0
0
0
0
129494
9794
0
0
0
0
129495
0
0
0
0
0
129495
127995
0
0
0
0
129495
127995
9792
0
0
0
129495
127995
9794
0
0
0
129495
127996
0
0
0
0
129495
127996
9792
0
0
0
129495
127996
9794
0
0
0
129495
127997
0
0
0
0
129495
127997
9792
0
0
0
129495
127997
9794
0
0
0
129495
127998
0
0
0
0
129495
127998
9792
0
0
0
129495
127998
9794
0
0
0
129495
127999
0
0
0
0
129495
127999
9792
0
0
0
129495
127999
9794
0
0
0
129495
9792
0
0
0
0
129495
9794
0
0
0
0
129496
0
0
0
0
0
129496
127995
0
0
0
0
129496
127995
9792
0
0
0
129496
127995
9794
0
0
0
129496
127996
0
0
0
0
129496
127996
9792
0
0
0
129496
127996
9794
0
0
0
129496
127997
0
0
0
0
129496
127997
9792
0
0
0
129496
127997
9794
0
0
0
129496
127998
0
0
0
0
129496
127998
9792
0
0
0
129496
127998
9794
0
0
0
129496
127999
0
0
0
0
129496
127999
9792
0
0
0
129496
127999
9794
0
0
0
129496
9792
0
0
0
0
129496
9794
0
0
0
0
129497
0
0
0
0
0
129497
127995
0
0
0
0
129497
127995
9792
0
0
0
129497
127995
9794
0
0
0
129497
127996
0
0
0
0
129497
127996
9792
0
0
0
129497
127996
9794
0
0
0
129497
127997
0
0
0
0
129497
127997
9792
0
0
0
129497
127997
9794
0
0
0
129497
127998
0
0
0
0
129497
127998
9792
0
0
0
129497
127998
9794
0
0
0
129497
127999
0
0
0
0
129497
127999
9792
0
0
0
129497
127999
9794
0
0
0
129497
9792
0
0
0
0
129497
9794
0
0
0
0
129498
0
0
0
0
0
129498
127995
0
0
0
0
129498
127995
9792
0
0
0
129498
127995
9794
0
0
0
129498
127996
0
0
0
0
129498
127996
9792
0
0
0
129498
127996
9794
0
0
0
129498
127997
0
0
0
0
129498
127997
9792
0
0
0
129498
127997
9794
0
0
0
129498
127998
0
0
0
0
129498
127998
9792
0
0
0
129498
127998
9794
0
0
0
129498
127999
0
0
0
0
129498
127999
9792
0
0
0
129498
127999
9794
0
0
0
129498
9792
0
0
0
0
129498
9794
0
0
0
0
129499
0
0
0
0
0
129499
127995
0
0
0
0
129499
127995
9792
0
0
0
129499
127995
9794
0
0
0
129499
127996
0
0
0
0
129499
127996
9792
0
0
0
129499
127996
9794
0
0
0
129499
127997
0
0
0
0
129499
127997
9792
0
0
0
129499
127997
9794
0
0
0
129499
127998
0
0
0
0
129499
127998
9792
0
0
0
129499
127998
9794
0
0
0
129499
127999
0
0
0
0
129499
127999
9792
0
0
0
129499
127999
9794
0
0
0
129499
9792
0
0
0
0
129499
9794
0
0
0
0
129500
0
0
0
0
0
129500
127995
0
0
0
0
129500
127995
9792
0
0
0
129500
127995
9794
0
0
0
129500
127996
0
0
0
0
129500
127996
9792
0
0
0
129500
127996
9794
0
0
0
129500
127997
0
0
0
0
129500
127997
9792
0
0
0
129500
127997
9794
0
0
0
129500
127998
0
0
0
0
129500
127998
9792
0
0
0
129500
127998
9794
0
0
0
129500
127999
0
0
0
0
129500
127999
9792
0
0
0
129500
127999
9794
0
0
0
129500
9792
0
0
0
0
129500
9794
0
0
0
0
129501
0
0
0
0
0
129501
127995
0
0
0
0
129501
127995
9792
0
0
0
129501
127995
9794
0
0
0
129501
127996
0
0
0
0
129501
127996
9792
0
0
0
129501
127996
9794
0
0
0
129501
127997
0
0
0
0
129501
127997
9792
0
0
0
129501
127997
9794
0
0
0
129501
127998
0
0
0
0
129501
127998
9792
0
0
0
129501
127998
9794
0
0
0
129501
127999
0
0
0
0
129501
127999
9792
0
0
0
129501
127999
9794
0
0
0
129501
9792
0
0
0
0
129501
9794
0
0
0
0
129502
0
0
0
0
0
129502
9792
0
0
0
0
129502
9794
0
0
0
0
129503
0
0
0
0
0
129503
9792
0
0
0
0
129503
9794
0
0
0
0
129504
0
0
0
0
0
129505
0
0
0
0
0
129506
0
0
0
0
0
129507
0
0
0
0
0
129508
0
0
0
0
0
129509
0
0
0
0
0
129510
0
0
0
0
0
129511
0
0
0
0
0
129512
0
0
0
0
0
129513
0
0
0
0
0
129514
0
0
0
0
0
129515
0
0
0
0
0
129516
0
0
0
0
0
129517
0
0
0
0
0
129518
0
0
0
0
0
129519
0
0
0
0
0
129520
0
0
0
0
0
129521
0
0
0
0
0
129522
0
0
0
0
0
129523
0
0
0
0
0
129524
0
0
0
0
0
129525
0
0
0
0
0
129526
0
0
0
0
0
129527
0
0
0
0
0
129528
0
0
0
0
0
129529
0
0
0
0
0
129530
0
0
0
0
0
129531
0
0
0
0
0
129532
0
0
0
0
0
129533
0
0
0
0
0
129534
0
0
0
0
0
129535
0
0
0
0
0
129648
0
0
0
0
0
129649
0
0
0
0
0
129650
0
0
0
0
0
129651
0
0
0
0
0
129652
0
0
0
0
0
129653
0
0
0
0
0
129654
0
0
0
0
0
129655
0
0
0
0
0
129656
0
0
0
0
0
129657
0
0
0
0
0
129658
0
0
0
0
0
129659
0
0
0
0
0
129660
0
0
0
0
0
129664
0
0
0
0
0
129665
0
0
0
0
0
129666
0
0
0
0
0
129667
0
0
0
0
0
129668
0
0
0
0
0
129669
0
0
0
0
0
129670
0
0
0
0
0
129671
0
0
0
0
0
129672
0
0
0
0
0
129673
0
0
0
0
0
129679
0
0
0
0
0
129680
0
0
0
0
0
129681
0
0
0
0
0
129682
0
0
0
0
0
129683
0
0
0
0
0
129684
0
0
0
0
0
129685
0
0
0
0
0
129686
0
0
0
0
0
129687
0
0
0
0
0
129688
0
0
0
0
0
129689
0
0
0
0
0
129690
0
0
0
0
0
129691
0
0
0
0
0
129692
0
0
0
0
0
129693
0
0
0
0
0
129694
0
0
0
0
0
129695
0
0
0
0
0
129696
0
0
0
0
0
129697
0
0
0
0
0
129698
0
0
0
0
0
129699
0
0
0
0
0
129700
0
0
0
0
0
129701
0
0
0
0
0
129702
0
0
0
0
0
129703
0
0
0
0
0
129704
0
0
0
0
0
129705
0
0
0
0
0
129706
0
0
0
0
0
129707
0
0
0
0
0
129708
0
0
0
0
0
129709
0
0
0
0
0
129710
0
0
0
0
0
129711
0
0
0
0
0
129712
0
0
0
0
0
129713
0
0
0
0
0
129714
0
0
0
0
0
129715
0
0
0
0
0
129716
0
0
0
0
0
129717
0
0
0
0
0
129718
0
0
0
0
0
129719
0
0
0
0
0
129720
0
0
0
0
0
129721
0
0
0
0
0
129722
0
0
0
0
0
129723
0
0
0
0
0
129724
0
0
0
0
0
129725
0
0
0
0
0
129726
0
0
0
0
0
129727
0
0
0
0
0
129728
0
0
0
0
0
129729
0
0
0
0
0
129730
0
0
0
0
0
129731
0
0
0
0
0
129731
127995
0
0
0
0
129731
127996
0
0
0
0
129731
127997
0
0
0
0
129731
127998
0
0
0
0
129731
127999
0
0
0
0
129732
0
0
0
0
0
129732
127995
0
0
0
0
129732
127996
0
0
0
0
129732
127997
0
0
0
0
129732
127998
0
0
0
0
129732
127999
0
0
0
0
129733
0
0
0
0
0
129733
127995
0
0
0
0
129733
127996
0
0
0
0
129733
127997
0
0
0
0
129733
127998
0
0
0
0
129733
127999
0
0
0
0
129734
0
0
0
0
0
129742
0
0
0
0
0
129743
0
0
0
0
0
129744
0
0
0
0
0
129745
0
0
0
0
0
129746
0
0
0
0
0
129747
0
0
0
0
0
129748
0
0
0
0
0
129749
0
0
0
0
0
129750
0
0
0
0
0
129751
0
0
0
0
0
129752
0
0
0
0
0
129753
0
0
0
0
0
129754
0
0
0
0
0
129755
0
0
0
0
0
129756
0
0
0
0
0
129759
0
0
0
0
0
129760
0
0
0
0
0
129761
0
0
0
0
0
129762
0
0
0
0
0
129763
0
0
0
0
0
129764
0
0
0
0
0
129765
0
0
0
0
0
129766
0
0
0
0
0
129767
0
0
0
0
0
129768
0
0
0
0
0
129769
0
0
0
0
0
129776
0
0
0
0
0
129776
127995
0
0
0
0
129776
127996
0
0
0
0
129776
127997
0
0
0
0
129776
127998
0
0
0
0
129776
127999
0
0
0
0
129777
0
0
0
0
0
129777
127995
0
0
0
0
129777
127995
129778
127996
0
0
129777
127995
129778
127997
0
0
129777
127995
129778
127998
0
0
129777
127995
129778
127999
0
0
129777
127996
0
0
0
0
129777
127996
129778
127995
0
0
129777
127996
129778
127997
0
0
129777
127996
129778
127998
0
0
129777
127996
129778
127999
0
0
129777
127997
0
0
0
0
129777
127997
129778
127995
0
0
129777
127997
129778
127996
0
0
129777
127997
129778
127998
0
0
129777
127997
129778
127999
0
0
129777
127998
0
0
0
0
129777
127998
129778
127995
0
0
129777
127998
129778
127996
0
0
129777
127998
129778
127997
0
0
129777
127998
129778
127999
0
0
129777
127999
0
0
0
0
129777
127999
129778
127995
0
0
129777
127999
129778
127996
0
0
129777
127999
129778
127997
0
0
129777
127999
129778
127998
0
0
129778
0
0
0
0
0
129778
127995
0
0
0
0
129778
127996
0
0
0
0
129778
127997
0
0
0
0
129778
127998
0
0
0
0
129778
127999
0
0
0
0
129779
0
0
0
0
0
129779
127995
0
0
0
0
129779
127996
0
0
0
0
129779
127997
0
0
0
0
129779
127998
0
0
0
0
129779
127999
0
0
0
0
129780
0
0
0
0
0
129780
127995
0
0
0
0
129780
127996
0
0
0
0
129780
127997
0
0
0
0
129780
127998
0
0
0
0
129780
127999
0
0
0
0
129781
0
0
0
0
0
129781
127995
0
0
0
0
129781
127996
0
0
0
0
129781
127997
0
0
0
0
129781
127998
0
0
0
0
129781
127999
0
0
0
0
129782
0
0
0
0
0
129782
127995
0
0
0
0
129782
127996
0
0
0
0
129782
127997
0
0
0
0
129782
127998
0
0
0
0
129782
127999
0
0
0
0
129783
0
0
0
0
0
129783
127995
0
0
0
0
129783
127996
0
0
0
0
129783
127997
0
0
0
0
129783
127998
0
0
0
0
129783
127999
0
0
0
0
129784
0
0
0
0
0
129784
127995
0
0
0
0
129784
127996
0
0
0
0
129784
127997
0
0
0
0
129784
127998
0
0
0
0
129784
127999
0
0
0
0
8252
0
0
0
0
0
8265
0
0
0
0
0
8419
0
0
0
0
0
8419
35
0
0
0
0
8419
42
0
0
0
0
8419
48
0
0
0
0
8419
49
0
0
0
0
8419
50
0
0
0
0
8419
51
0
0
0
0
8419
52
0
0
0
0
8419
53
0
0
0
0
8419
54
0
0
0
0
8419
55
0
0
0
0
8419
56
0
0
0
0
8419
57
0
0
0
0
8482
0
0
0
0
0
8505
0
0
0
0
0
8596
0
0
0
0
0
8597
0
0
0
0
0
8598
0
0
0
0
0
8599
0
0
0
0
0
8600
0
0
0
0
0
8601
0
0
0
0
0
8617
0
0
0
0
0
8618
0
0
0
0
0
8986
0
0
0
0
0
8987
0
0
0
0
0
9000
0
0
0
0
0
9167
0
0
0
0
0
9193
0
0
0
0
0
9194
0
0
0
0
0
9195
0
0
0
0
0
9196
0
0
0
0
0
9197
0
0
0
0
0
9198
0
0
0
0
0
9199
0
0
0
0
0
9200
0
0
0
0
0
9201
0
0
0
0
0
9202
0
0
0
0
0
9203
0
0
0
0
0
9208
0
0
0
0
0
9209
0
0
0
0
0
9210
0
0
0
0
0
9410
0
0
0
0
0
9642
0
0
0
0
0
9643
0
0
0
0
0
9654
0
0
0
0
0
9664
0
0
0
0
0
9723
0
0
0
0
0
9724
0
0
0
0
0
9725
0
0
0
0
0
9726
0
0
0
0
0
9728
0
0
0
0
0
9729
0
0
0
0
0
9730
0
0
0
0
0
9731
0
0
0
0
0
9732
0
0
0
0
0
9742
0
0
0
0
0
9745
0
0
0
0
0
9748
0
0
0
0
0
9749
0
0
0
0
0
9752
0
0
0
0
0
9757
0
0
0
0
0
9757
127995
0
0
0
0
9757
127996
0
0
0
0
9757
127997
0
0
0
0
9757
127998
0
0
0
0
9757
127999
0
0
0
0
9760
0
0
0
0
0
9762
0
0
0
0
0
9763
0
0
0
0
0
9766
0
0
0
0
0
9770
0
0
0
0
0
9774
0
0
0
0
0
9775
0
0
0
0
0
9784
0
0
0
0
0
9785
0
0
0
0
0
9786
0
0
0
0
0
9792
0
0
0
0
0
9794
0
0
0
0
0
9800
0
0
0
0
0
9801
0
0
0
0
0
9802
0
0
0
0
0
9803
0
0
0
0
0
9804
0
0
0
0
0
9805
0
0
0
0
0
9806
0
0
0
0
0
9807
0
0
0
0
0
9808
0
0
0
0
0
9809
0
0
0
0
0
9810
0
0
0
0
0
9811
0
0
0
0
0
9823
0
0
0
0
0
9824
0
0
0
0
0
9827
0
0
0
0
0
9829
0
0
0
0
0
9830
0
0
0
0
0
9832
0
0
0
0
0
9851
0
0
0
0
0
9854
0
0
0
0
0
9855
0
0
0
0
0
9874
0
0
0
0
0
9875
0
0
0
0
0
9876
0
0
0
0
0
9877
0
0
0
0
0
9878
0
0
0
0
0
9879
0
0
0
0
0
9881
0
0
0
0
0
9883
0
0
0
0
0
9884
0
0
0
0
0
9888
0
0
0
0
0
9889
0
0
0
0
0
9895
0
0
0
0
0
9898
0
0
0
0
0
9899
0
0
0
0
0
9904
0
0
0
0
0
9905
0
0
0
0
0
9917
0
0
0
0
0
9918
0
0
0
0
0
9924
0
0
0
0
0
9925
0
0
0
0
0
9928
0
0
0
0
0
9934
0
0
0
0
0
9935
0
0
0
0
0
9937
0
0
0
0
0
9939
0
0
0
0
0
9939
128165
0
0
0
0
9940
0
0
0
0
0
9961
0
0
0
0
0
9962
0
0
0
0
0
9968
0
0
0
0
0
9969
0
0
0
0
0
9970
0
0
0
0
0
9971
0
0
0
0
0
9972
0
0
0
0
0
9973
0
0
0
0
0
9975
0
0
0
0
0
9976
0
0
0
0
0
9977
0
0
0
0
0
9977
127995
0
0
0
0
9977
127995
9792
0
0
0
9977
127995
9794
0
0
0
9977
127996
0
0
0
0
9977
127996
9792
0
0
0
9977
127996
9794
0
0
0
9977
127997
0
0
0
0
9977
127997
9792
0
0
0
9977
127997
9794
0
0
0
9977
127998
0
0
0
0
9977
127998
9792
0
0
0
9977
127998
9794
0
0
0
9977
127999
0
0
0
0
9977
127999
9792
0
0
0
9977
127999
9794
0
0
0
9977
9792
0
0
0
0
9977
9794
0
0
0
0
9978
0
0
0
0
0
9981
0
0
0
0
0
9986
0
0
0
0
0
9989
0
0
0
0
0
9992
0
0
0
0
0
9993
0
0
0
0
0
9994
0
0
0
0
0
9994
127995
0
0
0
0
9994
127996
0
0
0
0
9994
127997
0
0
0
0
9994
127998
0
0
0
0
9994
127999
0
0
0
0
9995
0
0
0
0
0
9995
127995
0
0
0
0
9995
127996
0
0
0
0
9995
127997
0
0
0
0
9995
127998
0
0
0
0
9995
127999
0
0
0
0
9996
0
0
0
0
0
9996
127995
0
0
0
0
9996
127996
0
0
0
0
9996
127997
0
0
0
0
9996
127998
0
0
0
0
9996
127999
0
0
0
0
9997
0
0
0
0
0
9997
127995
0
0
0
0
9997
127996
0
0
0
0
9997
127997
0
0
0
0
9997
127998
0
0
0
0
9997
127999
0
0
0
0
9999
0
0
0
0
0
10002
0
0
0
0
0
10004
0
0
0
0
0
10006
0
0
0
0
0
10013
0
0
0
0
0
10017
0
0
0
0
0
10024
0
0
0
0
0
10035
0
0
0
0
0
10036
0
0
0
0
0
10052
0
0
0
0
0
10055
0
0
0
0
0
10060
0
0
0
0
0
10062
0
0
0
0
0
10067
0
0
0
0
0
10068
0
0
0
0
0
10069
0
0
0
0
0
10071
0
0
0
0
0
10083
0
0
0
0
0
10084
0
0
0
0
0
10084
128293
0
0
0
0
10084
129657
0
0
0
0
10133
0
0
0
0
0
10134
0
0
0
0
0
10135
0
0
0
0
0
10145
0
0
0
0
0
10160
0
0
0
0
0
10175
0
0
0
0
0
10548
0
0
0
0
0
10549
0
0
0
0
0
11013
0
0
0
0
0
11014
0
0
0
0
0
11015
0
0
0
0
0
11035
0
0
0
0
0
11036
0
0
0
0
0
11088
0
0
0
0
0
11093
0
0
0
0
0
12336
0
0
0
0
0
12349
0
0
0
0
0
12951
0
0
0
0
0
12953
0
0
0
0
0
1042475
0
0
0
0
0
